2.586492302598907347e-02
5.172984605197814695e-02
5.172984605197816083e-02
7.759476907796721001e-02
2.069193842079125600e-01
2.586492302598908735e-02
2.069193842079124213e-01
1.551895381559345310e-01
2.845141532858799782e-01
2.069193842079124213e-01
4.138387684158253976e-01
2.586492302598908388e-01
2.586492302598905058e-01
2.845141532858795341e-01
1.551895381559347531e-01
1.810544611819233651e-01
1.810544611819233651e-01
1.293246151299456137e-01
5.172984605197810531e-02
1.551895381559343090e-01
7.759476907796737655e-02
1.810544611819233651e-01
1.034596921039562106e-01
1.034596921039564882e-01
5.172984605197810531e-02
1.551895381559343090e-01
1.293246151299452529e-01
1.551895381559343090e-01
1.551895381559351694e-01
1.551895381559343090e-01
5.172984605197810531e-02
2.069193842079124213e-01
1.810544611819233651e-01
7.759476907796715450e-02
1.034596921039562106e-01
2.069193842079135870e-01
7.759476907796715450e-02
1.810544611819233651e-01
1.551895381559343090e-01
1.293246151299452529e-01
2.069193842079124213e-01
3.103790763118703389e-01
1.293246151299452529e-01
1.810544611819233651e-01
5.172984605197810531e-02
2.586492302598905266e-02
7.759476907796715450e-02
2.586492302598919837e-02
1.034596921039562106e-01
4.397036914418138709e-01
2.586492302598907347e-02
2.069193842079125878e-01
2.586492302598908041e-02
1.293246151299453639e-01
2.069193842079125600e-01
3.103790763118690621e-01
6.724879986757152928e-01
9.828670749875852986e-01
7.500827677536834326e-01
8.535424598576386579e-01
6.724879986757162920e-01
5.172984605197816776e-01
5.172984605197810115e-01
7.242178447276934605e-01
6.466230756497280963e-01
2.845141532858795341e-01
9.311372289356059095e-01
6.724879986757171801e-01
4.655686144678029548e-01
6.724879986757152928e-01
5.690283065717607336e-01
9.570021519615948824e-01
4.914335374937919831e-01
5.431633835457716497e-01
3.362439993378576464e-01
5.431633835457700954e-01
7.500827677536825444e-01
6.207581526237372360e-01
4.138387684158271740e-01
3.879738453898357586e-01
3.621089223638467303e-01
2.069193842079124213e-01
3.103790763118686180e-01
2.327843072339014774e-01
2.069193842079124213e-01
2.845141532858811440e-01
1.034596921039562106e-01
1.551895381559343090e-01
3.879738453898357586e-01
2.069193842079124213e-01
5.431633835457700954e-01
7.242178447276974573e-01
4.914335374937919831e-01
6.207581526237372360e-01
4.914335374937919831e-01
5.948932295977481521e-01
4.914335374937919831e-01
2.845141532858811440e-01
1.551895381559343090e-01
6.724879986757152928e-01
7.759476907796723777e-02
1.034596921039563217e-01
2.586492302598908388e-02
2.327843072339016717e-01
4.397036914418142595e-01
4.914335374937927048e-01
5.431633835457702064e-01
1.112191690117531051e+00
1.138056613143520135e+00
1.319111074325441946e+00
8.018126138056617114e-01
1.060461844065552883e+00
4.138387684158248980e-01
3.103790763118686735e-01
6.466230756497282073e-01
1.138056613143518581e+00
1.784679688793245012e+00
1.060461844065554216e+00
7.500827677536825444e-01
1.241516305247474694e+00
1.370840920377423666e+00
1.138056613143518581e+00
6.983529217017045987e-01
7.242178447276955700e-01
7.242178447276936826e-01
6.207581526237373470e-01
4.138387684158248980e-01
8.794073828836279638e-01
5.690283065717623989e-01
5.431633835457702064e-01
6.466230756497264309e-01
5.431633835457702064e-01
3.621089223638468413e-01
5.690283065717592903e-01
5.948932295977483742e-01
4.914335374937947587e-01
5.431633835457702064e-01
2.586492302598905613e-01
2.069193842079124490e-01
3.103790763118686735e-01
5.690283065717592903e-01
7.759476907796759582e-01
5.172984605197811225e-01
4.914335374937920387e-01
8.794073828836279638e-01
6.983529217017045987e-01
5.431633835457702064e-01
5.431633835457732040e-01
6.207581526237373470e-01
9.570021519615949934e-01
0.000000000000000000e+00
1.034596921039562800e-01
2.069193842079125878e-01
1.810544611819234484e-01
3.362439993378578684e-01
6.466230756497270971e-01
9.828670749875837442e-01
8.794073828836288520e-01
8.276775368316506842e-01
1.681219996689288010e+00
7.759476907796725165e-01
1.370840920377421224e+00
1.112191690117529053e+00
7.759476907796715173e-01
9.570021519615972139e-01
1.396705843403408531e+00
1.086326767091539969e+00
9.052723059096192681e-01
1.241516305247474250e+00
8.276775368316494630e-01
1.215651382221488719e+00
6.983529217017042656e-01
5.172984605197809005e-01
7.242178447276953479e-01
9.311372289356056875e-01
6.207581526237371250e-01
6.466230756497262089e-01
9.828670749875837442e-01
7.759476907796757361e-01
7.759476907796715173e-01
5.948932295977480411e-01
5.172984605197809005e-01
4.655686144678028437e-01
4.397036914418138154e-01
3.362439993378576464e-01
2.069193842079135315e-01
2.586492302598904502e-01
4.397036914418138154e-01
2.327843072339014219e-01
2.069193842079123657e-01
5.690283065717590683e-01
7.500827677536864302e-01
8.535424598576385469e-01
7.242178447276933495e-01
8.018126138056603791e-01
1.215651382221485166e+00
7.500827677536824334e-01
6.983529217017081514e-01
9.828670749875837442e-01
8.794073828836276308e-01
2.586492302598907000e-02
5.172984605197814001e-02
4.138387684158251756e-01
3.621089223638468968e-01
6.207581526237375691e-01
1.215651382221486720e+00
1.112191690117529053e+00
9.570021519615961036e-01
1.060461844065552439e+00
1.629490150637309842e+00
1.370840920377421224e+00
1.215651382221486720e+00
1.422570766429397615e+00
1.241516305247474250e+00
1.138056613143521245e+00
1.293246151299452418e+00
1.267381228273463334e+00
8.018126138056627106e-01
9.052723059096167146e-01
5.690283065717590683e-01
1.370840920377423444e+00
4.138387684158247315e-01
7.759476907796715173e-01
8.018126138056627106e-01
8.018126138056603791e-01
6.724879986757152928e-01
6.207581526237371250e-01
9.570021519615946604e-01
9.570021519615999894e-01
9.052723059096167146e-01
6.466230756497262089e-01
2.845141532858795341e-01
2.845141532858795341e-01
3.362439993378576464e-01
2.845141532858795341e-01
2.069193842079135315e-01
3.362439993378576464e-01
5.948932295977480411e-01
4.914335374937918721e-01
3.362439993378576464e-01
8.276775368316494630e-01
8.794073828836324047e-01
1.112191690117529053e+00
6.983529217017042656e-01
1.215651382221485166e+00
1.215651382221485166e+00
1.707084919715277094e+00
1.344975997351437913e+00
1.344975997351430586e+00
7.500827677536824334e-01
1.810544611819235872e-01
3.621089223638471744e-01
5.948932295977491513e-01
5.172984605197816776e-01
6.207581526237380132e-01
9.052723059096184910e-01
1.112191690117529719e+00
1.344975997351433250e+00
1.448435689455389586e+00
1.422570766429398503e+00
1.707084919715280646e+00
1.784679688793247898e+00
8.276775368316501291e-01
9.311372289356063536e-01
1.293246151299456859e+00
1.939869226949179737e+00
1.215651382221486276e+00
7.242178447276957920e-01
8.276775368316501291e-01
8.276775368316501291e-01
1.267381228273467775e+00
9.311372289356063536e-01
1.008731998013573383e+00
9.570021519615979910e-01
8.535424598576392130e-01
7.242178447276937936e-01
6.207581526237375691e-01
1.163921536169507664e+00
1.086326767091546630e+00
8.794073828836281859e-01
5.172984605197812336e-01
3.362439993378578684e-01
2.327843072339015884e-01
3.621089223638468968e-01
6.724879986757157369e-01
1.551895381559352527e-01
2.845141532858796451e-01
5.690283065717592903e-01
5.431633835457703174e-01
4.655686144678031768e-01
6.466230756497266530e-01
9.570021519616007666e-01
1.163921536169507664e+00
7.759476907796719614e-01
5.431633835457703174e-01
1.060461844065551551e+00
1.888139380897201791e+00
2.327843072339028652e+00
1.060461844065551551e+00
1.189786459195497192e+00
2.586492302598905266e-02
1.810544611819233651e-01
5.948932295977483742e-01
3.103790763118685625e-01
6.466230756497262089e-01
1.655355073663300258e+00
9.828670749875831891e-01
1.836409534845223623e+00
1.836409534845223623e+00
1.810544611819231875e+00
1.655355073663300258e+00
1.965734149975169043e+00
6.466230756497257648e-01
9.828670749875831891e-01
1.526030458533356837e+00
1.422570766429396727e+00
1.629490150637308954e+00
9.052723059096184910e-01
1.448435689455385811e+00
8.794073828836268536e-01
1.422570766429400502e+00
1.112191690117528164e+00
5.690283065717586242e-01
8.018126138056620444e-01
8.794073828836268536e-01
8.794073828836268536e-01
4.914335374937915946e-01
1.138056613143517248e+00
1.293246151299458635e+00
1.034596921039561135e+00
6.207581526237366809e-01
5.948932295977477080e-01
4.655686144678025107e-01
5.690283065717586242e-01
4.397036914418134268e-01
4.138387684158267854e-01
2.586492302598902837e-01
2.327843072339012553e-01
3.621089223638464527e-01
3.621089223638464527e-01
6.466230756497257648e-01
8.018126138056643759e-01
1.008731998013572051e+00
5.431633835457695403e-01
3.362439993378573688e-01
1.034596921039561135e+00
1.396705843403407643e+00
1.422570766429404499e+00
1.655355073663297816e+00
9.311372289356050214e-01
7.759476907796726552e-02
2.327843072339017827e-01
8.018126138056617114e-01
3.879738453898362027e-01
1.060461844065552439e+00
1.939869226949182401e+00
1.422570766429398503e+00
1.758814765767258814e+00
1.448435689455389586e+00
1.784679688793245456e+00
1.914004303923193318e+00
1.784679688793247898e+00
1.344975997351431474e+00
1.008731998013573383e+00
1.914004303923195982e+00
2.043328919053136072e+00
1.370840920377420336e+00
7.759476907796740708e-01
1.189786459195497192e+00
1.267381228273464222e+00
1.707084919715283089e+00
1.267381228273464222e+00
4.914335374937922052e-01
1.396705843403413416e+00
1.034596921039562467e+00
3.879738453898359807e-01
8.535424598576392130e-01
1.086326767091540635e+00
8.794073828836330708e-01
8.018126138056610452e-01
8.535424598576392130e-01
5.431633835457703174e-01
6.724879986757157369e-01
5.431633835457703174e-01
4.655686144678031768e-01
6.207581526237410108e-01
2.069193842079125323e-01
5.690283065717592903e-01
3.362439993378578684e-01
4.655686144678031768e-01
7.759476907796719614e-01
8.794073828836330708e-01
1.241516305247475138e+00
1.448435689455387587e+00
9.052723059096172697e-01
7.759476907796719614e-01
1.138056613143518581e+00
1.784679688793255448e+00
1.629490150637311174e+00
1.060461844065551551e+00
2.586492302598908735e-02
7.759476907796726552e-02
6.724879986757164030e-01
1.551895381559345033e-01
3.362439993378580905e-01
1.965734149975171485e+00
1.862274457871212707e+00
1.707084919715280646e+00
2.508897533520943135e+00
1.551895381559343923e+00
1.965734149975171485e+00
3.129655686144681148e+00
2.224383380235059438e+00
1.629490150637311174e+00
1.629490150637315615e+00
1.526030458533354839e+00
2.069193842079124934e+00
1.319111074325445943e+00
1.396705843403409419e+00
1.422570766429398503e+00
1.008731998013576270e+00
1.396705843403409419e+00
7.500827677536828775e-01
9.311372289356089071e-01
1.008731998013573383e+00
5.948932295977485962e-01
9.828670749875844104e-01
1.319111074325442390e+00
1.370840920377428107e+00
9.311372289356063536e-01
3.362439993378578684e-01
5.431633835457703174e-01
6.207581526237375691e-01
7.759476907796719614e-01
5.690283065717592903e-01
6.724879986757194006e-01
3.103790763118687845e-01
4.138387684158250646e-01
4.655686144678031768e-01
4.138387684158250646e-01
4.397036914418140929e-01
9.052723059096222658e-01
1.086326767091540635e+00
1.163921536169507664e+00
1.034596921039562467e+00
9.828670749875844104e-01
5.948932295977485962e-01
1.629490150637320056e+00
1.655355073663300258e+00
1.241516305247475138e+00
0.000000000000000000e+00
1.034596921039562106e-01
5.690283065717592903e-01
5.172984605197809005e-01
5.172984605197809005e-01
1.060461844065551551e+00
1.939869226949177294e+00
1.189786459195497192e+00
2.069193842079124934e+00
1.112191690117528164e+00
2.146788611157092408e+00
2.431302764442971664e+00
1.758814765767253707e+00
1.603625227611319870e+00
1.836409534845226066e+00
1.939869226949177294e+00
1.603625227611319870e+00
1.370840920377422556e+00
1.914004303923188210e+00
1.215651382221484278e+00
9.052723059096184910e-01
1.189786459195495416e+00
9.311372289356050214e-01
7.500827677536838767e-01
1.448435689455385811e+00
1.319111074325440391e+00
1.241516305247473362e+00
1.448435689455385811e+00
3.621089223638484511e-01
9.570021519615941052e-01
7.500827677536817673e-01
5.948932295977477080e-01
5.172984605197805674e-01
5.431633835457695403e-01
7.759476907796708511e-01
1.551895381559350140e+00
4.397036914418134268e-01
4.138387684158244539e-01
6.724879986757147377e-01
4.655686144678025107e-01
7.242178447276929054e-01
1.060461844065556214e+00
1.008731998013572051e+00
1.163921536169506332e+00
4.655686144678025107e-01
6.466230756497257648e-01
1.241516305247473362e+00
1.189786459195502077e+00
1.862274457871210043e+00
1.241516305247473362e+00
0.000000000000000000e+00
1.810544611819235872e-01
5.690283065717599564e-01
8.794073828836288520e-01
8.276775368316506842e-01
2.043328919053139181e+00
1.422570766429398503e+00
1.526030458533356837e+00
1.603625227611324089e+00
1.370840920377420336e+00
2.276113226287040714e+00
2.586492302598910165e+00
2.327843072339015329e+00
2.612357225624895474e+00
2.871006455884793862e+00
1.526030458533354839e+00
1.241516305247475138e+00
1.577760304585337225e+00
2.017463996027146766e+00
1.344975997351431474e+00
1.422570766429402500e+00
8.018126138056610452e-01
9.311372289356063536e-01
1.112191690117532827e+00
1.655355073663300258e+00
1.293246151299453306e+00
1.370840920377420336e+00
9.828670749875844104e-01
8.276775368316547921e-01
1.138056613143518581e+00
3.879738453898359807e-01
7.759476907796719614e-01
8.794073828836281859e-01
7.500827677536828775e-01
9.570021519615953265e-01
1.008731998013578934e+00
2.845141532858796451e-01
2.586492302598906168e-01
6.207581526237375691e-01
8.794073828836281859e-01
9.311372289356063536e-01
1.163921536169514326e+00
6.466230756497266530e-01
1.060461844065551551e+00
6.724879986757157369e-01
1.112191690117529719e+00
1.241516305247475138e+00
6.466230756497302057e-01
1.344975997351431474e+00
1.267381228273464222e+00
0.000000000000000000e+00
2.327843072339017827e-01
9.311372289356072418e-01
1.267381228273465110e+00
8.276775368316506842e-01
1.758814765767258814e+00
1.008731998013573383e+00
2.457167687468964967e+00
2.095058765105117349e+00
8.535424598576392130e-01
2.715816917728855806e+00
2.224383380235062546e+00
2.871006455884785868e+00
2.405437841416983247e+00
2.301978149313033128e+00
1.138056613143518581e+00
1.474300612481376671e+00
1.448435689455391584e+00
2.198518457209070576e+00
2.095058765105114240e+00
1.965734149975174150e+00
1.422570766429398503e+00
1.681219996689289342e+00
9.311372289356089071e-01
1.810544611819234539e+00
1.034596921039562467e+00
1.370840920377420336e+00
1.344975997351431474e+00
1.189786459195503854e+00
1.008731998013573383e+00
7.242178447276937936e-01
3.879738453898359807e-01
3.621089223638468968e-01
6.983529217017047097e-01
8.794073828836281859e-01
6.983529217017085955e-01
9.052723059096172697e-01
6.724879986757157369e-01
8.276775368316501291e-01
8.794073828836281859e-01
1.293246151299453306e+00
5.172984605197841201e-01
7.500827677536828775e-01
9.570021519615953265e-01
9.828670749875844104e-01
1.112191690117529719e+00
1.086326767091540635e+00
1.215651382221492938e+00
1.526030458533354839e+00
1.241516305247475138e+00
1.293246151299452529e-01
3.362439993378576464e-01
5.690283065717592903e-01
1.319111074325441280e+00
1.112191690117529053e+00
1.939869226949179959e+00
9.311372289356050214e-01
2.457167687468960970e+00
2.405437841416982803e+00
1.784679688793242791e+00
1.862274457871212707e+00
2.896871378910775174e+00
3.336575070352584493e+00
2.095058765105111576e+00
1.526030458533356837e+00
8.276775368316489079e-01
1.112191690117528164e+00
1.448435689455389586e+00
1.422570766429396727e+00
2.146788611157089299e+00
1.370840920377422556e+00
1.655355073663297816e+00
1.939869226949177294e+00
1.965734149975171707e+00
1.500165535507363535e+00
1.008731998013572051e+00
1.215651382221484278e+00
1.448435689455385811e+00
1.370840920377426109e+00
1.681219996689286900e+00
9.570021519615941052e-01
5.172984605197805674e-01
9.052723059096159375e-01
8.535424598576379918e-01
1.034596921039561135e+00
8.794073828836318496e-01
8.535424598576379918e-01
3.621089223638464527e-01
5.948932295977477080e-01
3.621089223638464527e-01
1.008731998013572051e+00
5.948932295977510387e-01
8.276775368316489079e-01
1.526030458533352618e+00
7.242178447276929054e-01
1.888139380897199127e+00
1.008731998013572051e+00
1.655355073663307142e+00
1.758814765767253707e+00
6.466230756497257648e-01
0.000000000000000000e+00
2.845141532858795896e-01
5.948932295977483742e-01
2.095058765105112464e+00
1.474300612481375339e+00
1.862274457871212707e+00
1.577760304585330786e+00
1.448435689455387587e+00
1.707084919715278426e+00
2.224383380235056329e+00
2.767546763780829977e+00
1.939869226949179959e+00
2.638222148650880783e+00
1.810544611819231875e+00
1.241516305247476692e+00
1.241516305247473362e+00
1.319111074325440391e+00
1.603625227611324089e+00
1.396705843403407643e+00
1.991599073001155240e+00
1.707084919715280646e+00
1.526030458533352618e+00
2.017463996027144102e+00
2.069193842079128043e+00
1.215651382221484278e+00
8.535424598576379918e-01
1.138056613143517248e+00
1.060461844065549997e+00
1.758814765767263699e+00
1.577760304585330786e+00
7.500827677536817673e-01
4.655686144678025107e-01
3.362439993378573688e-01
7.500827677536817673e-01
9.570021519615941052e-01
7.759476907796750700e-01
5.948932295977477080e-01
5.690283065717586242e-01
2.586492302598902837e-01
5.172984605197805674e-01
7.759476907796708511e-01
3.362439993378592562e-01
1.138056613143517248e+00
9.052723059096159375e-01
8.276775368316489079e-01
1.112191690117528164e+00
1.655355073663297816e+00
1.370840920377426109e+00
1.862274457871210043e+00
9.311372289356050214e-01
5.172984605197824409e-02
1.810544611819238647e-01
7.500827677536846538e-01
1.707084919715281979e+00
1.862274457871216704e+00
2.327843072339021990e+00
1.396705843403411196e+00
1.629490150637315615e+00
2.017463996027152540e+00
2.560627379572920859e+00
2.353707995365011296e+00
2.353707995365011296e+00
2.819276609832811697e+00
1.965734149975171707e+00
1.267381228273469551e+00
1.888139380897204234e+00
1.784679688793247898e+00
1.629490150637317836e+00
2.172653534183084822e+00
2.120923688131106655e+00
1.939869226949188175e+00
1.189786459195498747e+00
1.732949842741269730e+00
1.991599073001166342e+00
7.759476907796729606e-01
6.207581526237383462e-01
1.138056613143520357e+00
6.983529217017055979e-01
1.991599073001171671e+00
1.267381228273465776e+00
4.914335374937929268e-01
3.879738453898364803e-01
4.397036914418147036e-01
5.690283065717601785e-01
9.828670749875858537e-01
7.242178447276989006e-01
7.759476907796729606e-01
6.724879986757166250e-01
3.103790763118691731e-01
4.914335374937929268e-01
7.759476907796729606e-01
9.311372289356129039e-01
9.052723059096184910e-01
8.794073828836294071e-01
4.655686144678037874e-01
1.060461844065553327e+00
1.732949842741269730e+00
1.163921536169515880e+00
1.500165535507367753e+00
6.983529217017055979e-01
0.000000000000000000e+00
7.759476907796715450e-02
7.242178447276936826e-01
1.370840920377419447e+00
2.043328919053134296e+00
2.586492302598906168e+00
1.939869226949177294e+00
1.965734149975169043e+00
2.871006455884785868e+00
2.664087071676870089e+00
1.732949842741267066e+00
2.301978149313026911e+00
2.896871378910771622e+00
1.293246151299451530e+00
1.526030458533356837e+00
2.327843072339012664e+00
1.448435689455385811e+00
1.991599073001160569e+00
1.319111074325440391e+00
1.603625227611319870e+00
1.396705843403411640e+00
1.965734149975166378e+00
1.422570766429396727e+00
1.422570766429400502e+00
7.500827677536817673e-01
1.060461844065549997e+00
1.293246151299451530e+00
7.759476907796708511e-01
2.120923688131112428e+00
8.535424598576379918e-01
9.311372289356050214e-01
6.466230756497257648e-01
6.983529217017038215e-01
9.828670749875831891e-01
5.690283065717586242e-01
4.138387684158267854e-01
9.052723059096159375e-01
9.828670749875831891e-01
6.983529217017038215e-01
6.466230756497257648e-01
4.914335374937915946e-01
6.724879986757185124e-01
7.500827677536817673e-01
4.397036914418134268e-01
4.397036914418134268e-01
1.215651382221484278e+00
9.570021519615941052e-01
1.448435689455393804e+00
1.422570766429396727e+00
1.293246151299451530e+00
0.000000000000000000e+00
4.397036914418138154e-01
9.570021519615952155e-01
1.293246151299452418e+00
2.586492302598904836e+00
2.172653534183081270e+00
2.793411686806815286e+00
1.732949842741267066e+00
2.276113226287038049e+00
2.431302764442968556e+00
2.457167687468960970e+00
2.069193842079124934e+00
2.431302764442968556e+00
1.034596921039561135e+00
1.629490150637313617e+00
1.655355073663297816e+00
1.422570766429396727e+00
1.189786459195498747e+00
1.163921536169506332e+00
1.086326767091539081e+00
1.034596921039564021e+00
2.146788611157089299e+00
1.396705843403407643e+00
1.474300612481378669e+00
1.319111074325440391e+00
7.242178447276929054e-01
1.888139380897199127e+00
8.535424598576379918e-01
1.810544611819242089e+00
1.086326767091539081e+00
8.535424598576379918e-01
8.794073828836268536e-01
7.759476907796708511e-01
1.370840920377418559e+00
7.759476907796708511e-01
1.551895381559350306e-01
8.018126138056599350e-01
4.914335374937915946e-01
4.138387684158244539e-01
5.690283065717586242e-01
6.983529217017038215e-01
6.207581526237401226e-01
4.914335374937915946e-01
2.845141532858793121e-01
4.655686144678025107e-01
1.034596921039561135e+00
2.017463996027144102e+00
1.707084919715285531e+00
1.396705843403407643e+00
1.241516305247473362e+00
0.000000000000000000e+00
3.621089223638477295e-01
6.207581526237391234e-01
1.086326767091543077e+00
2.301978149313031352e+00
2.276113226287043823e+00
1.707084919715280646e+00
2.586492302598913273e+00
1.991599073001163456e+00
1.991599073001160791e+00
2.198518457209076793e+00
1.112191690117532827e+00
1.474300612481378669e+00
2.250248303261051408e+00
1.862274457871220257e+00
1.939869226949182623e+00
1.758814765767258814e+00
1.500165535507371972e+00
9.828670749875858537e-01
1.319111074325444166e+00
9.311372289356101284e-01
1.784679688793247898e+00
2.250248303261051408e+00
1.707084919715285531e+00
6.983529217017055979e-01
8.018126138056620444e-01
2.095058765105117349e+00
1.422570766429400280e+00
1.163921536169515880e+00
1.396705843403411196e+00
3.621089223638473964e-01
1.551895381559345866e-01
1.060461844065553327e+00
1.189786459195498747e+00
3.103790763118691731e-01
3.879738453898385897e-01
7.242178447276947928e-01
6.466230756497274301e-01
6.207581526237383462e-01
6.724879986757166250e-01
5.690283065717601785e-01
9.570021519616019878e-01
2.845141532858800892e-01
4.397036914418147036e-01
3.621089223638473964e-01
1.370840920377422556e+00
6.983529217017055979e-01
1.551895381559354359e+00
1.422570766429400280e+00
1.474300612481378669e+00
5.172984605197810531e-02
5.431633835457700954e-01
6.207581526237372360e-01
1.189786459195496304e+00
2.483032610494948500e+00
1.939869226949179959e+00
1.836409534845220959e+00
2.405437841416982803e+00
2.146788611157092408e+00
1.991599073001155240e+00
1.888139380897201791e+00
1.215651382221485832e+00
1.732949842741264623e+00
2.405437841416979250e+00
9.828670749875858537e-01
2.974466147988738207e+00
1.008731998013572051e+00
1.370840920377422556e+00
2.069193842079122270e+00
1.319111074325440391e+00
1.138056613143520579e+00
2.120923688131099993e+00
2.146788611157089299e+00
1.319111074325444166e+00
1.008731998013572051e+00
1.500165535507363535e+00
2.224383380235056329e+00
1.008731998013572051e+00
1.008731998013577602e+00
1.319111074325440391e+00
9.828670749875831891e-01
4.655686144678025107e-01
1.603625227611319870e+00
6.466230756497257648e-01
5.690283065717586242e-01
4.914335374937943146e-01
2.069193842079122270e-01
7.759476907796708511e-02
1.293246151299451419e-01
7.242178447276929054e-01
1.189786459195495416e+00
1.241516305247480245e+00
1.189786459195495416e+00
7.759476907796708511e-01
1.034596921039561135e+00
9.828670749875831891e-01
3.879738453898354256e-01
1.215651382221490939e+00
1.965734149975166378e+00
1.758814765767253707e+00
1.551895381559343090e-01
1.319111074325441502e+00
9.052723059096168257e-01
1.629490150637309842e+00
2.198518457209068799e+00
2.146788611157092408e+00
1.836409534845220959e+00
1.758814765767256150e+00
2.638222148650884780e+00
2.276113226287034497e+00
1.448435689455387587e+00
1.732949842741267066e+00
1.422570766429396727e+00
1.784679688793242791e+00
1.163921536169509663e+00
1.655355073663297816e+00
1.526030458533352618e+00
2.379572918390997494e+00
1.474300612481374451e+00
1.422570766429396727e+00
1.551895381559345921e+00
1.655355073663297816e+00
1.681219996689286900e+00
1.215651382221487609e+00
1.370840920377418559e+00
1.577760304585330786e+00
1.370840920377418559e+00
7.500827677536817673e-01
1.293246151299458635e+00
1.914004303923188210e+00
9.828670749875831891e-01
9.311372289356050214e-01
1.577760304585330786e+00
9.311372289356050214e-01
6.724879986757147377e-01
5.172984605197834540e-01
2.069193842079122270e-01
2.586492302598902837e-01
4.138387684158244539e-01
5.172984605197805674e-01
7.242178447276929054e-01
6.724879986757185124e-01
7.759476907796708511e-01
1.422570766429396727e+00
5.690283065717586242e-01
1.319111074325440391e+00
8.276775368316489079e-01
1.112191690117534382e+00
1.551895381559341702e+00
1.681219996689286900e+00
2.586492302598912205e-02
1.215651382221488719e+00
6.207581526237391234e-01
1.836409534845227620e+00
1.655355073663303589e+00
2.508897533520946244e+00
2.095058765105117349e+00
1.293246151299456637e+00
2.638222148650892329e+00
1.500165535507367753e+00
6.207581526237393454e-01
1.500165535507369974e+00
1.138056613143520357e+00
2.379572918390997494e+00
1.138056613143523466e+00
1.474300612481378669e+00
1.008731998013574938e+00
1.448435689455393582e+00
1.914004303923193318e+00
1.629490150637313173e+00
6.207581526237401226e-01
1.526030458533356837e+00
1.448435689455389586e+00
1.500165535507371972e+00
1.474300612481378669e+00
1.008731998013574938e+00
1.293246151299454860e+00
6.724879986757166250e-01
1.396705843403418967e+00
2.224383380235062990e+00
1.138056613143520357e+00
8.276775368316511283e-01
1.267381228273465776e+00
1.319111074325444166e+00
5.948932295977493734e-01
4.138387684158278956e-01
4.138387684158255642e-01
4.138387684158255642e-01
8.794073828836294071e-01
6.207581526237383462e-01
6.466230756497274301e-01
1.034596921039569795e+00
9.311372289356075749e-01
1.241516305247476692e+00
1.319111074325444166e+00
1.060461844065553327e+00
1.215651382221487609e+00
1.344975997351440800e+00
1.551895381559345921e+00
2.612357225624899026e+00
1.551895381559343090e-01
1.215651382221485388e+00
1.008731998013573161e+00
1.526030458533353507e+00
2.586492302598904836e+00
2.250248303261048743e+00
2.198518457209067467e+00
1.681219996689289342e+00
1.629490150637311174e+00
1.888139380897199127e+00
1.112191690117529719e+00
1.655355073663300258e+00
1.086326767091539081e+00
2.301978149313023803e+00
8.018126138056620444e-01
1.422570766429396727e+00
1.163921536169506332e+00
1.500165535507367753e+00
1.526030458533352618e+00
1.370840920377418559e+00
9.052723059096184910e-01
7.242178447276929054e-01
1.526030458533352618e+00
9.311372289356075749e-01
1.344975997351429475e+00
1.603625227611319870e+00
9.570021519615941052e-01
1.163921536169506332e+00
2.224383380235068763e+00
2.250248303261045635e+00
1.370840920377418559e+00
4.397036914418134268e-01
6.724879986757147377e-01
6.466230756497257648e-01
2.327843072339012553e-01
8.794073828836318496e-01
8.535424598576379918e-01
4.655686144678025107e-01
4.655686144678025107e-01
8.018126138056599350e-01
9.052723059096159375e-01
1.086326767091545298e+00
6.466230756497257648e-01
4.138387684158244539e-01
8.794073828836268536e-01
6.724879986757147377e-01
1.267381228273462446e+00
1.189786459195502077e+00
2.405437841416979250e+00
2.379572918390990832e+00
9.052723059096167146e-01
1.862274457871211597e+00
9.311372289356059095e-01
2.017463996027145434e+00
2.457167687468959194e+00
2.586492302598906168e+00
2.715816917728847812e+00
1.681219996689289342e+00
1.810544611819234539e+00
1.138056613143517248e+00
1.914004303923190875e+00
2.017463996027146766e+00
1.629490150637308954e+00
2.715816917728847812e+00
1.914004303923193540e+00
1.319111074325440391e+00
1.138056613143517248e+00
1.241516305247476692e+00
2.353707995365001970e+00
1.784679688793242791e+00
3.621089223638473964e-01
9.052723059096159375e-01
1.241516305247473362e+00
8.794073828836294071e-01
1.681219996689286900e+00
1.784679688793242791e+00
6.207581526237366809e-01
1.500165535507363535e+00
1.086326767091545298e+00
1.396705843403407643e+00
1.112191690117528164e+00
5.948932295977477080e-01
4.655686144678025107e-01
8.018126138056599350e-01
3.879738453898354256e-01
8.535424598576427657e-01
2.069193842079122270e-01
2.845141532858793121e-01
1.293246151299451419e-01
3.621089223638464527e-01
9.828670749875831891e-01
5.172984605197834540e-01
5.431633835457695403e-01
5.431633835457695403e-01
8.794073828836268536e-01
7.759476907796708511e-01
1.086326767091539081e+00
1.448435689455393804e+00
1.293246151299451530e+00
3.517629531534507414e+00
8.276775368316519055e-01
1.732949842741271285e+00
6.724879986757174022e-01
8.794073828836300732e-01
2.327843072339020658e+00
2.483032610494957382e+00
1.267381228273465776e+00
2.560627379572924411e+00
2.276113226287043823e+00
1.396705843403411196e+00
1.707084919715283089e+00
2.146788611157098625e+00
1.732949842741269730e+00
2.198518457209073684e+00
2.095058765105122678e+00
1.344975997351433250e+00
1.267381228273465776e+00
9.311372289356101284e-01
2.250248303261051408e+00
1.707084919715280646e+00
5.690283065717617328e-01
7.759476907796729606e-01
1.034596921039564021e+00
1.189786459195502077e+00
1.939869226949182623e+00
1.655355073663302257e+00
1.138056613143520357e+00
8.794073828836294071e-01
4.397036914418171460e-01
1.551895381559345921e+00
9.311372289356075749e-01
4.914335374937929268e-01
7.759476907796729606e-01
3.621089223638473964e-01
4.914335374937929268e-01
4.655686144678064520e-01
4.914335374937929268e-01
2.845141532858800892e-01
2.586492302598909776e-02
2.845141532858800892e-01
7.242178447276947928e-01
6.207581526237418990e-01
3.621089223638473964e-01
6.724879986757166250e-01
9.052723059096184910e-01
6.983529217017055979e-01
1.112191690117531495e+00
1.422570766429408495e+00
1.448435689455389586e+00
2.612357225624899026e+00
3.621089223638467303e-01
1.215651382221485388e+00
4.397036914418138709e-01
1.034596921039561801e+00
1.836409534845222291e+00
1.577760304585333007e+00
1.939869226949177294e+00
1.474300612481376671e+00
1.629490150637311174e+00
1.784679688793242791e+00
1.732949842741267066e+00
2.586492302598906168e+00
2.146788611157089299e+00
1.603625227611319870e+00
1.681219996689291563e+00
9.052723059096159375e-01
1.991599073001155240e+00
1.241516305247476692e+00
2.715816917728847812e+00
2.017463996027144102e+00
9.570021519615967698e-01
8.018126138056599350e-01
9.052723059096159375e-01
1.732949842741269508e+00
2.043328919053133408e+00
1.138056613143517248e+00
1.293246151299451530e+00
8.794073828836268536e-01
5.690283065717618438e-01
8.535424598576379918e-01
1.939869226949177294e+00
1.810544611819232264e-01
2.069193842079122270e-01
3.879738453898354256e-01
4.655686144678025107e-01
3.879738453898375350e-01
6.466230756497257648e-01
4.138387684158244539e-01
4.397036914418134268e-01
3.879738453898354256e-01
4.655686144678025107e-01
6.207581526237401226e-01
3.362439993378573688e-01
1.370840920377418559e+00
6.724879986757147377e-01
5.172984605197805674e-01
8.794073828836268536e-01
1.474300612481382666e+00
6.466230756497257648e-01
2.069193842079122270e+00
4.914335374937919831e-01
1.448435689455386921e+00
6.207581526237372360e-01
4.655686144678028437e-01
2.276113226287036273e+00
1.836409534845223623e+00
2.405437841416979250e+00
1.681219996689289342e+00
1.810544611819234539e+00
1.215651382221484278e+00
9.570021519615954375e-01
2.224383380235059438e+00
1.370840920377418559e+00
9.570021519615941052e-01
1.965734149975171707e+00
1.965734149975166378e+00
1.189786459195495416e+00
1.707084919715280646e+00
1.681219996689286900e+00
1.577760304585330786e+00
1.293246151299454860e+00
1.344975997351429475e+00
9.570021519615941052e-01
1.396705843403411640e+00
1.784679688793242791e+00
1.215651382221484278e+00
1.707084919715275984e+00
9.311372289356050214e-01
5.172984605197834540e-01
1.189786459195495416e+00
1.655355073663297816e+00
9.828670749875831891e-01
6.207581526237366809e-01
7.759476907796708511e-02
4.914335374937915946e-01
6.983529217017077073e-01
7.759476907796708511e-01
3.362439993378573688e-01
3.103790763118683405e-01
1.551895381559341702e-01
4.914335374937915946e-01
2.069193842079133927e-01
1.034596921039561135e-01
1.344975997351429475e+00
5.431633835457695403e-01
4.655686144678025107e-01
3.879738453898354256e-01
8.794073828836318496e-01
1.086326767091539081e+00
1.577760304585330786e+00
2.586492302598905058e-01
1.163921536169507442e+00
5.431633835457702064e-01
1.551895381559342812e-01
2.276113226287036273e+00
3.129655686144676707e+00
1.939869226949177294e+00
1.344975997351431474e+00
1.655355073663300258e+00
1.655355073663297816e+00
1.629490150637311174e+00
2.017463996027146766e+00
1.267381228273462446e+00
1.163921536169506332e+00
1.500165535507367753e+00
1.474300612481374451e+00
1.991599073001155240e+00
1.060461844065553105e+00
1.991599073001155240e+00
1.810544611819231875e+00
2.069193842079128043e+00
1.836409534845220959e+00
1.474300612481374451e+00
1.500165535507367753e+00
1.112191690117528164e+00
2.250248303261045635e+00
2.457167687468957418e+00
4.397036914418134268e-01
5.948932295977510387e-01
9.828670749875831891e-01
1.034596921039561135e+00
1.163921536169506332e+00
2.069193842079122270e-01
3.621089223638464527e-01
3.362439993378573688e-01
1.267381228273469329e+00
3.362439993378573688e-01
4.655686144678025107e-01
5.172984605197805674e-02
4.397036914418134268e-01
5.172984605197805674e-01
7.759476907796751532e-02
2.586492302598902837e-01
5.948932295977477080e-01
2.586492302598902837e-01
4.655686144678025107e-01
4.914335374937915946e-01
4.138387684158267854e-01
9.828670749875831891e-01
8.794073828836268536e-01
5.172984605197810531e-02
7.242178447276934605e-01
4.397036914418138709e-01
1.810544611819233374e-01
1.474300612481375339e+00
2.534762456546928000e+00
1.965734149975166378e+00
1.526030458533354839e+00
2.172653534183081270e+00
1.655355073663297816e+00
2.689951994702862947e+00
1.991599073001157905e+00
1.396705843403407643e+00
9.311372289356050214e-01
1.526030458533356837e+00
1.293246151299451530e+00
1.474300612481374451e+00
8.018126138056620444e-01
1.267381228273462446e+00
1.138056613143517248e+00
1.034596921039564021e+00
1.655355073663297816e+00
1.991599073001155240e+00
1.293246151299454860e+00
8.535424598576379918e-01
1.991599073001155240e+00
2.560627379572913753e+00
1.138056613143517248e+00
1.112191690117534382e+00
1.138056613143517248e+00
1.060461844065549997e+00
9.570021519615941052e-01
3.103790763118683405e-01
2.586492302598902837e-01
8.535424598576379918e-01
1.500165535507371972e+00
3.362439993378573688e-01
3.621089223638464527e-01
3.879738453898354256e-01
4.138387684158244539e-01
7.759476907796708511e-02
3.103790763118700613e-01
5.172984605197805674e-01
5.948932295977477080e-01
4.914335374937915946e-01
5.690283065717586242e-01
7.242178447276929054e-01
4.397036914418159248e-01
6.983529217017038215e-01
1.603625227611319870e+00
4.655686144678055083e-01
5.172984605197838981e-01
3.362439993378596448e-01
2.586492302598918935e-01
1.603625227611329862e+00
2.069193842079136481e+00
2.198518457209079902e+00
1.138056613143525242e+00
1.732949842741276836e+00
2.095058765105123122e+00
1.267381228273471105e+00
2.638222148650898990e+00
1.577760304585339668e+00
6.983529217017077073e-01
1.293246151299462410e+00
1.500165535507371972e+00
1.577760304585339668e+00
9.052723059096234870e-01
1.086326767091545298e+00
1.474300612481382666e+00
2.327843072339032260e-01
1.655355073663307142e+00
2.301978149313036237e+00
1.474300612481386885e+00
8.535424598576427657e-01
1.655355073663307142e+00
1.914004303923198647e+00
9.828670749875886292e-01
1.526030458533369494e+00
9.052723059096210445e-01
9.311372289356101284e-01
7.242178447276967912e-01
4.138387684158267854e-01
1.293246151299458635e-01
9.311372289356101284e-01
1.112191690117540599e+00
8.018126138056643759e-01
2.069193842079133927e-01
5.172984605197834540e-01
4.138387684158267854e-01
1.810544611819241978e-01
4.397036914418184228e-01
6.724879986757185124e-01
4.914335374937943146e-01
6.724879986757185124e-01
9.828670749875886292e-01
1.112191690117534382e+00
6.983529217017115931e-01
1.448435689455393582e+00
3.077925840092711862e+00
3.362439993378576464e-01
2.586492302598905058e-01
1.034596921039562245e-01
3.362439993378575909e-01
1.163921536169507220e+00
1.008731998013573383e+00
2.871006455884782316e+00
1.577760304585333007e+00
1.189786459195497192e+00
9.052723059096159375e-01
1.965734149975169043e+00
3.388304916404567546e+00
1.163921536169506332e+00
1.112191690117528164e+00
1.319111074325444166e+00
1.370840920377418559e+00
1.293246151299451530e+00
1.060461844065553105e+00
9.828670749875831891e-01
1.888139380897199127e+00
8.276775368316512393e-01
1.370840920377418559e+00
2.405437841416979250e+00
1.526030458533356837e+00
1.138056613143517248e+00
1.629490150637308954e+00
1.500165535507363535e+00
1.163921536169506332e+00
6.466230756497293175e-01
4.397036914418134268e-01
9.052723059096159375e-01
7.500827677536817673e-01
4.914335374937915946e-01
2.845141532858793121e-01
5.690283065717586242e-01
5.431633835457726489e-01
6.724879986757147377e-01
4.138387684158244539e-01
1.293246151299451419e-01
1.293246151299451419e-01
2.586492302598902837e-01
7.242178447276969022e-01
3.879738453898354256e-01
6.724879986757147377e-01
6.207581526237366809e-01
4.138387684158244539e-01
1.138056613143517248e+00
8.535424598576427657e-01
9.311372289356050214e-01
2.017463996027144102e+00
5.431633835457700954e-01
6.466230756497262089e-01
1.810544611819234206e-01
2.327843072339014219e-01
1.914004303923189321e+00
6.983529217017047097e-01
2.095058765105111576e+00
1.681219996689289342e+00
2.043328919053136072e+00
1.163921536169506332e+00
1.189786459195497192e+00
2.353707995365005079e+00
1.655355073663297816e+00
1.086326767091539081e+00
7.759476907796729606e-01
1.163921536169506332e+00
1.086326767091539081e+00
8.018126138056620444e-01
8.276775368316489079e-01
1.241516305247473362e+00
3.879738453898364803e-01
2.198518457209067467e+00
2.457167687468957418e+00
9.311372289356075749e-01
1.370840920377418559e+00
1.810544611819231875e+00
1.577760304585330786e+00
8.276775368316489079e-01
6.724879986757185124e-01
4.138387684158244539e-01
2.586492302598902837e-01
4.655686144678025107e-01
4.397036914418134268e-01
4.655686144678025107e-01
5.690283065717586242e-01
6.466230756497293175e-01
1.293246151299451530e+00
4.655686144678025107e-01
3.362439993378573688e-01
4.138387684158244539e-01
3.362439993378573688e-01
6.207581526237401226e-01
6.207581526237366809e-01
8.535424598576379918e-01
9.311372289356050214e-01
4.138387684158244539e-01
6.466230756497257648e-01
8.535424598576427657e-01
6.983529217017038215e-01
1.163921536169506332e+00
8.276775368316496850e-01
2.845141532858795896e-01
1.551895381559343090e-01
1.293246151299452251e-01
1.965734149975167488e+00
3.621089223638468968e-01
1.500165535507363535e+00
2.379572918390994385e+00
1.422570766429398503e+00
1.034596921039561135e+00
1.810544611819234539e+00
3.000331071014731510e+00
1.344975997351429475e+00
1.319111074325440391e+00
9.570021519615967698e-01
8.794073828836268536e-01
6.207581526237366809e-01
8.276775368316512393e-01
1.112191690117528164e+00
8.276775368316489079e-01
2.586492302598910054e-01
1.707084919715275984e+00
2.069193842079122270e+00
7.242178447276947928e-01
1.293246151299451530e+00
1.370840920377418559e+00
1.707084919715275984e+00
3.362439993378573688e-01
5.690283065717618438e-01
8.794073828836268536e-01
2.327843072339012553e-01
5.690283065717586242e-01
2.586492302598902837e-01
6.724879986757147377e-01
4.914335374937915946e-01
1.267381228273469329e+00
1.370840920377418559e+00
5.431633835457695403e-01
1.293246151299451419e-01
4.914335374937915946e-01
4.138387684158244539e-01
1.163921536169512772e+00
5.431633835457695403e-01
9.311372289356050214e-01
3.362439993378573688e-01
2.069193842079122270e-01
7.242178447276929054e-01
6.983529217017077073e-01
6.983529217017038215e-01
8.535424598576379918e-01
8.794073828836276308e-01
1.034596921039562106e-01
2.845141532858796451e-01
1.034596921039561801e+00
2.353707995365003303e+00
8.276775368316501291e-01
1.836409534845220959e+00
2.431302764442971664e+00
4.914335374937922607e-01
4.914335374937915946e-01
2.250248303261048743e+00
2.560627379572917306e+00
1.577760304585330786e+00
1.655355073663297816e+00
8.276775368316512393e-01
7.759476907796708511e-01
5.172984605197805674e-01
6.724879986757166250e-01
7.242178447276929054e-01
8.018126138056599350e-01
1.008731998013574716e+00
2.405437841416979250e+00
9.052723059096159375e-01
1.060461844065553105e+00
5.690283065717586242e-01
1.267381228273462446e+00
1.784679688793242791e+00
6.983529217017038215e-01
8.535424598576427657e-01
5.690283065717586242e-01
2.586492302598902837e-01
4.914335374937915946e-01
5.690283065717586242e-01
6.466230756497257648e-01
9.311372289356050214e-01
8.535424598576427657e-01
1.138056613143517248e+00
1.267381228273462446e+00
6.207581526237366809e-01
3.879738453898354256e-01
1.810544611819232264e-01
1.163921536169512772e+00
8.794073828836268536e-01
9.052723059096159375e-01
7.242178447276929054e-01
5.690283065717586242e-01
6.724879986757147377e-01
7.242178447276969022e-01
6.983529217017038215e-01
1.241516305247473362e+00
5.172984605197810115e-01
4.397036914418138154e-01
1.551895381559343090e-01
3.621089223638466748e-01
1.500165535507364423e+00
4.655686144678031768e-01
1.526030458533352618e+00
1.784679688793245234e+00
2.327843072339015884e-01
4.914335374937915946e-01
2.819276609832808145e+00
2.017463996027146766e+00
1.267381228273462446e+00
9.570021519615941052e-01
4.397036914418147036e-01
3.621089223638464527e-01
6.983529217017038215e-01
2.586492302598910054e-01
5.172984605197805674e-01
4.397036914418134268e-01
1.862274457871215150e+00
1.344975997351429475e+00
9.828670749875831891e-01
1.551895381559345921e+00
7.500827677536817673e-01
1.319111074325440391e+00
1.603625227611319870e+00
1.112191690117528164e+00
1.138056613143523688e+00
4.914335374937915946e-01
3.362439993378573688e-01
3.879738453898354256e-01
9.052723059096159375e-01
1.474300612481374451e+00
7.242178447276929054e-01
8.018126138056643759e-01
4.655686144678025107e-01
7.759476907796708511e-01
5.948932295977477080e-01
1.008731998013572051e+00
3.103790763118683405e-01
4.397036914418159248e-01
1.138056613143517248e+00
1.060461844065549997e+00
1.293246151299451530e+00
8.018126138056599350e-01
3.362439993378573688e-01
6.466230756497293175e-01
4.138387684158244539e-01
9.311372289356050214e-01
3.621089223638467303e-01
2.845141532858795896e-01
0.000000000000000000e+00
3.103790763118685625e-01
1.707084919715277094e+00
9.311372289356063536e-01
1.086326767091539081e+00
1.526030458533354839e+00
5.172984605197812336e-01
6.466230756497257648e-01
1.396705843403409419e+00
1.862274457871212707e+00
1.241516305247473362e+00
9.052723059096159375e-01
5.172984605197820107e-01
4.914335374937915946e-01
1.163921536169506332e+00
4.914335374937929268e-01
4.914335374937915946e-01
8.018126138056599350e-01
1.914004303923193540e+00
1.215651382221484278e+00
8.535424598576379918e-01
1.370840920377422556e+00
5.172984605197805674e-01
4.914335374937915946e-01
1.448435689455385811e+00
1.086326767091539081e+00
1.008731998013577602e+00
4.138387684158244539e-01
4.138387684158244539e-01
6.724879986757147377e-01
1.370840920377418559e+00
1.163921536169506332e+00
9.052723059096159375e-01
5.431633835457726489e-01
4.397036914418134268e-01
6.207581526237366809e-01
5.690283065717586242e-01
6.207581526237366809e-01
3.362439993378573688e-01
4.914335374937943146e-01
9.311372289356050214e-01
5.690283065717586242e-01
9.311372289356050214e-01
6.466230756497257648e-01
1.293246151299451419e-01
1.034596921039566908e+00
7.759476907796708511e-01
9.052723059096159375e-01
3.362439993378595338e-01
8.535424598576434319e-01
2.845141532858811995e-01
4.397036914418162024e-01
1.112191690117535270e+00
9.828670749875899615e-01
1.138056613143523688e+00
6.983529217017085955e-01
6.724879986757195116e-01
9.052723059096210445e-01
1.422570766429406275e+00
2.095058765105125786e+00
1.888139380897209341e+00
1.551895381559350584e+00
6.724879986757203998e-01
4.655686144678050642e-01
3.362439993378592562e-01
1.500165535507376191e+00
5.948932295977509277e-01
7.242178447276967912e-01
1.086326767091548406e+00
1.629490150637317836e+00
1.138056613143523688e+00
8.794073828836342921e-01
9.828670749875886292e-01
4.397036914418159248e-01
2.095058765105123122e+00
1.241516305247480467e+00
3.621089223638504495e-01
7.759476907796752920e-01
8.276775368316535708e-01
1.034596921039566908e+00
1.189786459195501855e+00
6.466230756497293175e-01
2.845141532858809219e-01
2.069193842079145307e-01
2.586492302598917270e-01
7.759476907796752920e-01
4.914335374937943146e-01
2.586492302598917270e-01
3.362439993378592562e-01
4.655686144678077287e-01
1.526030458533361056e+00
6.724879986757185124e-01
3.362439993378592562e-01
5.690283065717618438e-01
5.948932295977509277e-01
1.319111074325455046e+00
1.189786459195501855e+00
1.189786459195501855e+00
3.621089223638467303e-01
1.086326767091540191e+00
1.551895381559343090e-01
4.138387684158247315e-01
9.828670749875837442e-01
6.466230756497265419e-01
4.914335374937915946e-01
7.500827677536828775e-01
1.086326767091540635e+00
6.983529217017038215e-01
1.732949842741267066e+00
2.457167687468960970e+00
1.862274457871210043e+00
1.215651382221484278e+00
4.397036914418147036e-01
3.362439993378573688e-01
2.586492302598902837e-01
5.172984605197820107e-01
1.422570766429396727e+00
1.189786459195495416e+00
1.163921536169509663e+00
1.551895381559341702e+00
7.759476907796708511e-01
4.914335374937929268e-01
1.086326767091539081e+00
4.655686144678025107e-01
1.577760304585330786e+00
1.112191690117528164e+00
1.034596921039566964e-01
4.914335374937915946e-01
8.794073828836268536e-01
4.914335374937915946e-01
1.215651382221484278e+00
6.983529217017038215e-01
4.138387684158244539e-01
2.845141532858809219e-01
5.172984605197805674e-02
5.172984605197805674e-02
1.293246151299451419e-01
5.172984605197805674e-01
4.138387684158244539e-01
8.535424598576427657e-01
9.828670749875831891e-01
1.034596921039561135e+00
6.724879986757147377e-01
3.621089223638464527e-01
1.112191690117528164e+00
1.526030458533361056e+00
1.914004303923188210e+00
8.018126138056599350e-01
2.069193842079124213e-01
5.948932295977482632e-01
1.293246151299452806e-01
7.759476907796714062e-02
1.293246151299452418e+00
8.535424598576392130e-01
1.034596921039561135e-01
1.138056613143519025e+00
5.172984605197812336e-01
8.018126138056599350e-01
1.758814765767256150e+00
2.069193842079124934e+00
1.293246151299451530e+00
1.189786459195495416e+00
5.172984605197820107e-01
2.845141532858793121e-01
4.397036914418134268e-01
2.069193842079128098e-01
1.526030458533352618e+00
1.344975997351429475e+00
5.948932295977493734e-01
1.344975997351429475e+00
9.828670749875831891e-01
6.207581526237383462e-01
1.189786459195495416e+00
9.052723059096159375e-01
1.344975997351429475e+00
1.112191690117528164e+00
4.914335374937943146e-01
8.018126138056599350e-01
6.724879986757147377e-01
6.466230756497257648e-01
1.008731998013572051e+00
6.466230756497257648e-01
4.138387684158244539e-01
2.069193842079133927e-01
4.914335374937915946e-01
7.242178447276929054e-01
1.034596921039561135e-01
5.431633835457695403e-01
3.362439993378573688e-01
1.138056613143523688e+00
5.690283065717586242e-01
5.948932295977477080e-01
6.207581526237366809e-01
6.466230756497257648e-01
8.535424598576379918e-01
7.759476907796750700e-01
2.120923688131099993e+00
9.570021519615941052e-01
2.069193842079124213e-01
8.018126138056606012e-01
5.172984605197811225e-02
1.293246151299452251e-01
1.112191690117529053e+00
9.570021519615954375e-01
8.276775368316489079e-01
9.570021519615954375e-01
5.690283065717595123e-01
8.276775368316489079e-01
1.577760304585333007e+00
2.379572918390994385e+00
1.293246151299451530e+00
1.034596921039561135e+00
1.810544611819236982e-01
6.466230756497257648e-01
4.397036914418134268e-01
2.845141532858801448e-01
7.242178447276929054e-01
1.267381228273462446e+00
6.207581526237383462e-01
1.526030458533352618e+00
1.189786459195495416e+00
1.034596921039564021e+00
1.293246151299451530e+00
5.690283065717586242e-01
1.681219996689286900e+00
1.888139380897199127e+00
1.034596921039566908e+00
6.207581526237366809e-01
1.293246151299451530e+00
1.422570766429396727e+00
1.319111074325440391e+00
6.983529217017038215e-01
9.311372289356050214e-01
4.914335374937943146e-01
2.845141532858793121e-01
3.621089223638464527e-01
1.810544611819232264e-01
4.914335374937915946e-01
3.362439993378573688e-01
9.052723059096210445e-01
1.034596921039561135e-01
4.138387684158244539e-01
5.431633835457695403e-01
5.172984605197805674e-01
1.034596921039561135e+00
3.879738453898375350e-01
1.888139380897199127e+00
1.396705843403407643e+00
2.327843072339014496e-01
1.034596921039562023e+00
2.327843072339014774e-01
2.069193842079123657e-01
1.526030458533353507e+00
1.163921536169508109e+00
9.570021519615941052e-01
5.690283065717595123e-01
1.008731998013573383e+00
8.794073828836268536e-01
1.215651382221485832e+00
1.707084919715278426e+00
1.474300612481374451e+00
1.008731998013572051e+00
1.810544611819236982e-01
7.759476907796708511e-01
5.690283065717586242e-01
5.690283065717602895e-01
5.690283065717586242e-01
1.215651382221484278e+00
2.586492302598910054e-01
1.448435689455385811e+00
6.983529217017038215e-01
7.759476907796729606e-01
1.784679688793242791e+00
4.655686144678025107e-01
1.112191690117528164e+00
1.163921536169506332e+00
8.794073828836318496e-01
5.690283065717586242e-01
9.311372289356050214e-01
2.146788611157089299e+00
9.570021519615941052e-01
5.172984605197805674e-02
3.879738453898354256e-01
2.586492302598917270e-01
4.397036914418134268e-01
5.172984605197805674e-02
7.759476907796708511e-02
2.327843072339012553e-01
3.362439993378573688e-01
7.759476907796750700e-01
6.466230756497257648e-01
3.362439993378573688e-01
7.242178447276929054e-01
6.724879986757147377e-01
1.138056613143517248e+00
5.172984605197834540e-01
1.163921536169506332e+00
6.724879986757147377e-01
2.586492302598905058e-01
1.344975997351430586e+00
5.172984605197811225e-01
3.879738453898356476e-01
9.311372289356056875e-01
6.207581526237374581e-01
6.466230756497257648e-01
5.431633835457703174e-01
1.008731998013573383e+00
6.724879986757147377e-01
1.112191690117529719e+00
2.431302764442971664e+00
1.189786459195495416e+00
7.500827677536817673e-01
4.914335374937929268e-01
6.466230756497257648e-01
8.018126138056599350e-01
5.172984605197820107e-01
6.207581526237366809e-01
1.267381228273462446e+00
7.242178447276947928e-01
5.431633835457695403e-01
4.397036914418134268e-01
1.241516305247476692e+00
9.570021519615941052e-01
1.293246151299451419e-01
1.448435689455385811e+00
8.535424598576379918e-01
4.397036914418159248e-01
3.362439993378573688e-01
7.500827677536817673e-01
2.689951994702858951e+00
1.836409534845220959e+00
3.362439993378573688e-01
3.879738453898354256e-01
9.311372289356101284e-01
4.397036914418134268e-01
1.293246151299451419e-01
7.759476907796708511e-02
4.397036914418134268e-01
3.879738453898354256e-01
5.431633835457726489e-01
5.690283065717586242e-01
5.948932295977477080e-01
9.570021519615941052e-01
1.163921536169506332e+00
7.500827677536817673e-01
5.172984605197834540e-01
1.474300612481374451e+00
8.535424598576379918e-01
1.810544611819243921e-01
1.112191690117535270e+00
5.172984605197840091e-01
2.069193842079135315e-01
5.431633835457730930e-01
3.103790763118705054e-01
7.242178447276967912e-01
2.845141532858813105e-01
8.535424598576438759e-01
2.327843072339025321e-01
1.241516305247482022e+00
2.146788611157103954e+00
8.018126138056643759e-01
1.034596921039566908e+00
6.466230756497312049e-01
5.948932295977509277e-01
1.086326767091545298e+00
5.690283065717633981e-01
7.759476907796752920e-01
1.138056613143523688e+00
1.422570766429408495e+00
6.983529217017077073e-01
6.207581526237402336e-01
7.759476907796774015e-01
6.724879986757185124e-01
6.207581526237402336e-01
1.267381228273469551e+00
1.008731998013577602e+00
2.845141532858824762e-01
2.845141532858809219e-01
8.535424598576427657e-01
1.060461844065556214e+00
6.983529217017077073e-01
2.845141532858809219e-01
8.794073828836318496e-01
5.948932295977542584e-01
4.138387684158267854e-01
2.327843072339025321e-01
7.759476907796752920e-02
3.362439993378592562e-01
3.103790763118701168e-01
2.327843072339038644e-01
8.535424598576427657e-01
1.008731998013577602e+00
1.034596921039566908e+00
1.629490150637317836e+00
3.879738453898376460e-01
8.276775368316581227e-01
1.267381228273469551e+00
2.172653534183090596e+00
2.327843072339014496e-01
1.034596921039562023e+00
2.069193842079124490e-01
1.810544611819233374e-01
1.293246151299452418e+00
3.362439993378578684e-01
1.241516305247473362e+00
4.138387684158250646e-01
8.535424598576392130e-01
1.551895381559341702e-01
7.759476907796719614e-01
1.888139380897201791e+00
8.794073828836268536e-01
8.535424598576379918e-01
4.655686144678037874e-01
3.103790763118683405e-01
1.888139380897199127e+00
5.172984605197820107e-01
9.570021519615941052e-01
1.060461844065549997e+00
1.008731998013574716e+00
5.948932295977477080e-01
4.655686144678025107e-01
7.500827677536838767e-01
5.431633835457695403e-01
4.914335374937915946e-01
1.293246151299451530e+00
4.655686144678025107e-01
1.810544611819242256e-01
2.069193842079122270e-01
5.690283065717586242e-01
9.828670749875831891e-01
8.535424598576379918e-01
1.293246151299451419e-01
1.034596921039561135e-01
6.207581526237401226e-01
4.397036914418134268e-01
5.690283065717586242e-01
2.327843072339012553e-01
6.466230756497257648e-01
6.983529217017038215e-01
1.810544611819242256e-01
6.207581526237366809e-01
9.570021519615941052e-01
1.836409534845220959e+00
1.810544611819231875e+00
5.690283065717586242e-01
4.914335374937943146e-01
1.758814765767253707e+00
1.034596921039561135e+00
0.000000000000000000e+00
4.914335374937919831e-01
3.103790763118686180e-01
5.948932295977481521e-01
1.500165535507364423e+00
6.466230756497265419e-01
1.163921536169506332e+00
5.948932295977485962e-01
9.570021519615954375e-01
2.327843072339012553e-01
8.018126138056610452e-01
1.267381228273464000e+00
4.138387684158244539e-01
8.535424598576379918e-01
5.172984605197820107e-01
5.172984605197805674e-01
8.276775368316489079e-01
1.060461844065553105e+00
9.828670749875831891e-01
7.242178447276929054e-01
7.242178447276947928e-01
3.103790763118683405e-01
3.621089223638464527e-01
5.172984605197820107e-01
5.948932295977477080e-01
4.397036914418134268e-01
1.577760304585330786e+00
6.466230756497257648e-01
1.293246151299458635e-01
2.327843072339012553e-01
7.500827677536817673e-01
5.431633835457695403e-01
4.655686144678025107e-01
4.397036914418134268e-01
1.551895381559341702e-01
9.052723059096210445e-01
6.983529217017038215e-01
4.655686144678025107e-01
5.431633835457695403e-01
5.948932295977477080e-01
4.914335374937915946e-01
2.069193842079133927e-01
4.914335374937915946e-01
5.431633835457695403e-01
1.060461844065549997e+00
1.448435689455385811e+00
1.551895381559341702e+00
1.163921536169512772e+00
2.638222148650880783e+00
3.233115378248629046e+00
7.759476907796715450e-02
5.172984605197810115e-01
5.172984605197811225e-02
3.103790763118685625e-01
1.344975997351430363e+00
7.500827677536828775e-01
7.242178447276929054e-01
7.242178447276937936e-01
1.422570766429398503e+00
4.138387684158244539e-01
1.112191690117529719e+00
1.836409534845223623e+00
1.034596921039561135e-01
9.311372289356050214e-01
4.138387684158256197e-01
6.207581526237366809e-01
1.189786459195495416e+00
8.276775368316512393e-01
9.828670749875831891e-01
6.983529217017038215e-01
6.724879986757166250e-01
7.759476907796708511e-01
2.327843072339012553e-01
2.845141532858801448e-01
5.948932295977477080e-01
2.327843072339012553e-01
1.060461844065549997e+00
5.690283065717586242e-01
3.621089223638484511e-01
4.138387684158244539e-01
6.983529217017038215e-01
8.276775368316489079e-01
5.431633835457695403e-01
4.655686144678025107e-01
3.879738453898354256e-01
2.327843072339025321e-01
4.138387684158244539e-01
9.052723059096159375e-01
7.242178447276929054e-01
5.690283065717586242e-01
4.397036914418134268e-01
8.535424598576427657e-01
9.828670749875831891e-01
6.983529217017038215e-01
5.948932295977477080e-01
1.707084919715275984e+00
1.991599073001155240e+00
9.570021519615993233e-01
1.862274457871210043e+00
1.784679688793242791e+00
1.293246151299452529e-01
1.551895381559343090e-01
1.034596921039562245e-01
3.103790763118685625e-01
1.112191690117529053e+00
6.466230756497265419e-01
5.431633835457695403e-01
9.570021519615954375e-01
1.163921536169508109e+00
3.879738453898354256e-01
1.448435689455387587e+00
1.422570766429398503e+00
9.828670749875831891e-01
1.163921536169506332e+00
4.914335374937929268e-01
5.948932295977477080e-01
1.086326767091539081e+00
5.948932295977493734e-01
9.311372289356050214e-01
9.052723059096159375e-01
7.759476907796729606e-01
7.242178447276929054e-01
3.103790763118683405e-01
2.069193842079128098e-01
1.034596921039561135e+00
6.466230756497257648e-01
1.215651382221484278e+00
4.914335374937915946e-01
8.018126138056643759e-01
6.983529217017038215e-01
6.724879986757147377e-01
4.914335374937915946e-01
3.103790763118683405e-01
2.845141532858793121e-01
4.397036914418134268e-01
4.138387684158267854e-01
5.172984605197805674e-02
9.311372289356050214e-01
1.422570766429396727e+00
9.052723059096159375e-01
1.474300612481374451e+00
1.008731998013577602e+00
4.138387684158244539e-01
1.189786459195495416e+00
9.311372289356050214e-01
1.836409534845220959e+00
9.311372289356050214e-01
1.267381228273469329e+00
1.500165535507363535e+00
1.707084919715275984e+00
0.000000000000000000e+00
1.034596921039562106e-01
0.000000000000000000e+00
3.621089223638466748e-01
1.758814765767255039e+00
5.431633835457703174e-01
6.983529217017038215e-01
5.948932295977485962e-01
9.570021519615954375e-01
1.086326767091539081e+00
1.086326767091540635e+00
1.732949842741267066e+00
1.448435689455385811e+00
8.276775368316489079e-01
6.207581526237383462e-01
6.466230756497257648e-01
1.138056613143517248e+00
1.034596921039564021e+00
7.242178447276929054e-01
7.242178447276929054e-01
1.241516305247476692e+00
6.207581526237366809e-01
4.914335374937915946e-01
8.535424598576403232e-01
4.914335374937915946e-01
4.138387684158244539e-01
8.794073828836268536e-01
6.207581526237366809e-01
7.759476907796750700e-01
4.914335374937915946e-01
1.112191690117528164e+00
8.794073828836268536e-01
2.586492302598902837e-01
3.621089223638464527e-01
4.397036914418134268e-01
7.500827677536859861e-01
1.293246151299451419e-01
2.508897533520935585e+00
1.060461844065549997e+00
9.311372289356050214e-01
2.431302764442968556e+00
1.707084919715285531e+00
8.535424598576379918e-01
1.448435689455385811e+00
2.586492302598902837e-01
2.198518457209067467e+00
7.500827677536817673e-01
4.914335374937943146e-01
2.327843072339012664e+00
3.517629531534507414e+00
0.000000000000000000e+00
4.138387684158271740e-01
0.000000000000000000e+00
3.103790763118702833e-01
5.948932295977513718e-01
1.034596921039568490e-01
5.690283065717618438e-01
9.828670749875899615e-01
6.207581526237410108e-01
1.241516305247480467e+00
1.034596921039568240e+00
1.732949842741276836e+00
1.138056613143523688e+00
1.370840920377426109e+00
9.570021519616020989e-01
8.018126138056643759e-01
6.207581526237402336e-01
7.500827677536880955e-01
1.396705843403415415e+00
2.845141532858809219e-01
1.732949842741279056e+00
1.293246151299458635e-01
4.914335374937943146e-01
1.474300612481386885e+00
2.845141532858809219e-01
4.914335374937943146e-01
1.138056613143523688e+00
9.570021519615993233e-01
5.172984605197863406e-01
5.172984605197834540e-01
1.215651382221490939e+00
9.052723059096210445e-01
1.138056613143523688e+00
1.422570766429404499e+00
9.311372289356101284e-01
6.207581526237436753e-01
5.172984605197834540e-01
1.707084919715285531e+00
1.603625227611328752e+00
9.828670749875886292e-01
1.681219996689296226e+00
1.008731998013583153e+00
6.207581526237402336e-01
1.112191690117534382e+00
5.431633835457726489e-01
1.319111074325447719e+00
8.794073828836318496e-01
1.655355073663316245e+00
2.922736301936776471e+00
3.983198146002332685e+00
0.000000000000000000e+00
7.759476907796715450e-02
5.172984605197811225e-02
7.500827677536822113e-01
9.828670749875837442e-01
7.759476907796718226e-02
4.914335374937915946e-01
1.060461844065551551e+00
9.311372289356063536e-01
1.293246151299451530e+00
9.828670749875845214e-01
1.991599073001157905e+00
9.828670749875831891e-01
6.207581526237366809e-01
1.551895381559345921e+00
9.052723059096159375e-01
5.172984605197805674e-01
1.267381228273465776e+00
1.370840920377418559e+00
2.069193842079122270e-01
1.526030458533356837e+00
1.293246151299451419e-01
8.276775368316489079e-01
1.267381228273465776e+00
7.242178447276929054e-01
4.914335374937915946e-01
1.577760304585330786e+00
1.138056613143517248e+00
4.655686144678050642e-01
8.276775368316489079e-01
1.914004303923188210e+00
1.836409534845220959e+00
1.163921536169506332e+00
4.397036914418134268e-01
3.621089223638464527e-01
3.621089223638484511e-01
1.241516305247473362e+00
8.794073828836268536e-01
2.120923688131099993e+00
2.095058765105111576e+00
1.758814765767253707e+00
2.379572918391004155e+00
1.707084919715275984e+00
1.060461844065549997e+00
1.758814765767253707e+00
1.707084919715275984e+00
9.052723059096159375e-01
1.500165535507371972e+00
3.310710147326595632e+00
4.448766760470112658e+00
2.327843072339014496e-01
1.293246151299452529e-01
0.000000000000000000e+00
7.759476907796712952e-01
3.103790763118685625e-01
3.103790763118687290e-01
7.759476907796708511e-01
8.276775368316501291e-01
1.215651382221485832e+00
1.189786459195495416e+00
1.163921536169508109e+00
1.784679688793245234e+00
2.638222148650880783e+00
8.018126138056599350e-01
1.474300612481378669e+00
1.965734149975166378e+00
7.500827677536817673e-01
2.638222148650888332e+00
1.112191690117528164e+00
2.327843072339012553e-01
1.914004303923193540e+00
5.948932295977477080e-01
1.112191690117528164e+00
9.828670749875858537e-01
1.112191690117528164e+00
1.914004303923188210e+00
5.948932295977477080e-01
1.991599073001155240e+00
9.311372289356101284e-01
9.052723059096159375e-01
1.344975997351429475e+00
1.293246151299451530e+00
1.526030458533352618e+00
2.327843072339012553e-01
4.914335374937915946e-01
7.500827677536859861e-01
1.862274457871210043e+00
8.535424598576379918e-01
1.707084919715275984e+00
2.250248303261045635e+00
1.474300612481374451e+00
1.655355073663307142e+00
2.845141532858793454e+00
1.629490150637308954e+00
1.422570766429396727e+00
1.319111074325440391e+00
2.069193842079122270e+00
1.138056613143523688e+00
3.440034762456540829e+00
5.586823373613630572e+00
