0.000000000000000000e+00
9.261214404522436633e-03
9.261214404522437327e-02
0.000000000000000000e+00
1.481794304723589584e-01
9.261214404522440102e-02
7.408971523617942367e-02
9.261214404522440102e-02
6.482850083165707378e-02
1.203957872587915617e-01
1.574406448768815026e-01
1.296570016633141476e-01
2.037467168994934186e-01
1.296570016633140088e-01
1.111345728542694478e-01
1.389182160678364142e-01
8.335092964070185684e-02
8.335092964070209276e-02
1.667018592814037137e-01
1.389182160678364142e-01
1.296570016633143418e-01
6.482850083165700439e-02
1.018733584497467093e-01
1.389182160678368028e-01
1.203957872587915617e-01
1.481794304723588473e-01
1.111345728542691425e-01
1.852242880904485522e-01
1.389182160678371913e-01
2.130079313040158517e-01
1.759630736859261191e-01
1.852242880904485522e-01
1.296570016633140088e-01
1.481794304723588473e-01
1.574406448768812805e-01
1.481794304723596800e-01
2.315303601130606903e-01
1.852242880904485522e-01
1.944855024949709854e-01
2.407915745175831235e-01
1.759630736859261191e-01
2.130079313040170175e-01
1.944855024949709854e-01
2.315303601130606903e-01
1.759630736859261191e-01
2.500527889221055844e-01
2.778364321356728284e-01
1.667018592814046296e-01
1.018733584497467093e-01
5.464116498668232236e-01
0.000000000000000000e+00
5.556728642713461980e-02
1.389182160678365807e-01
1.111345728542692118e-01
2.130079313040159905e-01
1.574406448768815026e-01
4.074934337989868371e-01
2.500527889221058619e-01
2.685752177311507838e-01
3.148812897537625610e-01
2.315303601130610234e-01
2.500527889221058619e-01
2.222691457085382849e-01
3.056200753492401279e-01
4.537995058216002242e-01
3.241425041582849942e-01
2.685752177311504507e-01
2.500527889221062505e-01
2.500527889221055844e-01
3.704485761808971045e-01
4.630607202261226574e-01
3.241425041582849942e-01
2.222691457085382849e-01
3.519261473718532374e-01
2.685752177311504507e-01
3.241425041582849942e-01
3.519261473718522382e-01
3.611873617763746713e-01
4.723219346306464783e-01
2.500527889221055844e-01
2.963588609447176947e-01
2.778364321356728284e-01
3.519261473718522382e-01
3.611873617763746713e-01
4.074934337989868371e-01
3.797097905854216471e-01
3.519261473718522382e-01
5.371504354623009014e-01
5.649340786758680899e-01
4.723219346306438138e-01
5.093667922487336019e-01
4.074934337989890576e-01
4.352770770125541366e-01
4.630607202261213806e-01
4.908443634396886801e-01
5.371504354623009014e-01
5.927177218894353894e-01
7.316359379572758836e-01
6.945910803391820432e-01
1.315092445442184843e+00
0.000000000000000000e+00
1.018733584497468064e-01
1.667018592814039080e-01
1.018733584497467926e-01
1.389182160678365530e-01
1.759630736859263966e-01
4.537995058215990585e-01
3.982322193944650146e-01
2.407915745175835120e-01
5.371504354623009014e-01
5.001055778442118349e-01
5.649340786758689781e-01
3.797097905854195932e-01
4.352770770125541921e-01
2.778364321356736610e-01
2.778364321356728839e-01
2.593140033266280731e-01
5.001055778442126121e-01
3.241425041582849942e-01
2.685752177311504507e-01
3.611873617763757260e-01
3.334037185628074274e-01
3.426649329673298605e-01
4.723219346306452016e-01
6.297625795075252331e-01
4.815831490351663580e-01
4.074934337989869482e-01
4.815831490351663580e-01
5.001055778442139443e-01
3.704485761808971600e-01
4.260158626080318145e-01
4.074934337989869482e-01
4.908443634396887911e-01
4.815831490351663580e-01
4.815831490351663580e-01
4.352770770125565791e-01
5.001055778442112798e-01
4.260158626080318145e-01
7.131135091482270205e-01
6.668074371256148547e-01
6.668074371256148547e-01
5.741952930803938537e-01
6.760686515301372879e-01
5.741952930803906341e-01
5.741952930803906341e-01
6.575462227210924215e-01
7.131135091482270205e-01
7.686807955753659494e-01
8.983377972386756838e-01
1.324353659846707387e+00
8.335092964070189847e-02
1.574406448768813915e-01
3.148812897537628386e-01
2.222691457085383959e-01
1.944855024949710687e-01
3.241425041582853828e-01
3.519261473718521827e-01
3.426649329673302491e-01
3.797097905854199817e-01
5.371504354623007904e-01
5.093667922487341571e-01
5.278892210577791344e-01
6.112401506984801447e-01
4.815831490351661914e-01
4.815831490351674682e-01
6.205013651030025779e-01
4.537995058215988919e-01
5.834565074849143995e-01
4.352770770125540256e-01
3.056200753492400723e-01
4.630607202261226019e-01
3.797097905854194266e-01
5.278892210577783572e-01
3.982322193944654032e-01
6.945910803391819321e-01
4.167546482035092148e-01
2.963588609447176392e-01
3.797097905854194266e-01
5.186280066532588107e-01
3.982322193944643485e-01
4.723219346306437583e-01
4.630607202261213251e-01
6.297625795075250110e-01
4.723219346306437583e-01
6.575462227210921995e-01
5.834565074849160649e-01
6.297625795075250110e-01
4.630607202261213251e-01
4.908443634396885691e-01
8.335092964070184296e-01
5.278892210577783572e-01
4.445382914170789568e-01
5.464116498668232236e-01
6.297625795075250110e-01
7.408971523617939869e-01
7.964644387889286969e-01
9.446438692612875165e-01
1.065039656520084810e+00
1.027994798901989304e+00
1.139129371756258502e+00
2.778364321356730296e-02
4.630607202261216582e-02
1.389182160678365530e-01
1.481794304723589306e-01
1.852242880904486355e-01
3.889710049899424149e-01
5.186280066532559241e-01
7.038522947437053645e-01
5.649340786758688671e-01
5.186280066532559241e-01
5.001055778442117239e-01
3.982322193944648481e-01
8.242480820024959964e-01
4.167546482035092148e-01
2.963588609447184719e-01
4.352770770125540256e-01
5.834565074849128452e-01
2.037467168994939459e-01
3.889710049899419153e-01
5.001055778442110578e-01
5.927177218894369437e-01
4.537995058215988919e-01
4.537995058215988919e-01
5.001055778442123900e-01
7.501583667663164201e-01
5.834565074849128452e-01
5.556728642713456567e-01
3.241425041582849387e-01
4.260158626080339794e-01
5.556728642713456567e-01
4.815831490351661914e-01
6.019789362939577115e-01
5.186280066532559241e-01
5.741952930803904120e-01
6.205013651030025779e-01
5.186280066532588107e-01
4.445382914170764588e-01
6.760686515301370658e-01
5.927177218894352784e-01
8.705541540251080512e-01
6.575462227210921995e-01
6.112401506984835864e-01
5.186280066532559241e-01
6.019789362939577115e-01
6.760686515301370658e-01
8.335092964070184296e-01
8.612929396205856181e-01
7.316359379572756616e-01
8.890765828341529176e-01
1.416965803891931275e+00
1.852242880904488367e-02
4.630607202261220051e-02
2.130079313040161848e-01
1.481794304723590416e-01
1.203957872587917144e-01
3.334037185628080380e-01
8.520317252160639621e-01
6.760686515301385091e-01
5.464116498668242228e-01
4.537995058215992250e-01
4.815831490351671906e-01
5.927177218894366106e-01
8.890765828341535837e-01
2.963588609447178612e-01
2.407915745175839284e-01
5.001055778442113908e-01
5.001055778442113908e-01
5.556728642713474331e-01
3.056200753492402944e-01
7.872032243844067079e-01
6.760686515301395083e-01
3.611873617763748379e-01
6.760686515301376209e-01
7.686807955753640620e-01
7.408971523617945421e-01
5.001055778442113908e-01
4.630607202261216582e-01
7.594195811708394084e-01
3.982322193944667910e-01
6.205013651030030220e-01
4.445382914170767918e-01
6.205013651030030220e-01
7.131135091482272426e-01
4.167546482035094368e-01
4.074934337989870037e-01
4.815831490351691890e-01
3.797097905854197042e-01
3.334037185628075939e-01
6.668074371256151878e-01
8.335092964070188737e-01
8.242480820024964405e-01
4.445382914170792343e-01
4.630607202261216582e-01
6.205013651030030220e-01
6.019789362939581556e-01
5.927177218894357225e-01
9.446438692612881827e-01
1.046517227711040610e+00
8.890765828341535837e-01
1.027994798901989970e+00
0.000000000000000000e+00
6.482850083165700439e-02
3.241425041582849942e-01
2.130079313040158240e-01
2.778364321356727729e-01
3.426649329673300270e-01
7.408971523617936539e-01
4.352770770125543032e-01
4.908443634396889022e-01
6.945910803391814881e-01
5.741952930803908561e-01
6.668074371256151878e-01
8.149868675979730082e-01
3.982322193944640709e-01
4.167546482035100475e-01
6.112401506984797006e-01
4.260158626080313704e-01
3.889710049899426925e-01
3.241425041582846611e-01
7.501583667663160870e-01
4.630607202261222688e-01
7.038522947437039212e-01
5.741952930803900790e-01
9.724275124748569255e-01
6.668074371256141886e-01
3.426649329673295274e-01
3.241425041582846611e-01
6.205013651030020227e-01
5.649340786758707544e-01
9.353826548567643062e-01
6.668074371256141886e-01
4.908443634396882360e-01
6.668074371256141886e-01
4.630607202261209920e-01
7.316359379572712207e-01
4.445382914170786237e-01
3.611873617763743383e-01
5.001055778442107247e-01
6.575462227210917554e-01
8.890765828341522514e-01
8.335092964070178745e-01
5.556728642713482103e-01
4.723219346306433697e-01
5.464116498668227795e-01
4.630607202261209920e-01
6.112401506984797006e-01
1.046517227711033282e+00
1.027994798901994411e+00
9.446438692612867394e-01
8.612929396205849519e-01
9.261214404522441837e-03
7.408971523617953470e-02
5.093667922487342681e-01
2.037467168994936406e-01
3.056200753492405164e-01
3.611873617763753375e-01
6.760686515301376209e-01
3.704485761808978261e-01
6.668074371256160759e-01
7.223747235527496757e-01
8.057256531934526844e-01
9.446438692612895149e-01
7.038522947437048094e-01
6.112401506984805888e-01
4.260158626080331468e-01
6.112401506984805888e-01
5.741952930803908561e-01
5.834565074849148436e-01
5.556728642713459898e-01
5.927177218894357225e-01
4.723219346306453681e-01
5.464116498668235566e-01
6.112401506984805888e-01
7.779420099798864952e-01
7.131135091482272426e-01
6.019789362939581556e-01
5.001055778442113908e-01
6.019789362939581556e-01
5.093667922487365995e-01
7.316359379572721089e-01
4.260158626080319810e-01
7.131135091482272426e-01
5.741952930803908561e-01
5.093667922487338240e-01
4.260158626080319810e-01
6.297625795075288968e-01
5.001055778442113908e-01
2.037467168994935018e-01
6.668074371256151878e-01
1.213219086992438633e+00
9.909499412839002375e-01
7.038522947437088062e-01
9.353826548567657495e-01
7.779420099798842747e-01
8.335092964070188737e-01
8.890765828341535837e-01
1.166913014969826579e+00
1.213219086992445295e+00
1.102084514138169435e+00
9.446438692612881827e-01
0.000000000000000000e+00
4.630607202261220051e-02
4.537995058215997246e-01
2.222691457085385625e-01
1.759630736859263411e-01
4.074934337989875588e-01
7.501583667663169752e-01
6.760686515301385091e-01
8.890765828341548049e-01
5.278892210577786903e-01
8.612929396205875054e-01
1.074300870924603579e+00
5.464116498668235566e-01
6.575462227210927546e-01
4.537995058216005018e-01
5.371504354623011235e-01
4.908443634396889022e-01
5.093667922487351563e-01
4.352770770125544142e-01
3.889710049899421374e-01
6.575462227210946420e-01
6.112401506984805888e-01
7.038522947437048094e-01
8.335092964070212052e-01
7.964644387889291410e-01
3.982322193944645705e-01
4.537995058215992250e-01
6.668074371256151878e-01
6.668074371256188515e-01
8.242480820024964405e-01
3.704485761808972710e-01
5.649340786758684230e-01
8.520317252160639621e-01
6.945910803391823762e-01
6.482850083165703214e-01
4.537995058216017230e-01
4.074934337989870037e-01
6.019789362939581556e-01
5.649340786758684230e-01
9.539050836658106158e-01
9.261214404522433163e-01
6.112401506984840305e-01
7.316359379572721089e-01
9.075990116431984500e-01
1.203957872587916311e+00
9.261214404522433163e-01
9.261214404522433163e-01
9.353826548567708565e-01
9.631662980703330490e-01
1.435488232700977029e+00
4.630607202261213806e-02
2.778364321356728214e-02
4.352770770125541366e-01
2.222691457085382294e-01
2.685752177311503397e-01
2.593140033266281286e-01
3.982322193944640709e-01
7.872032243844067079e-01
8.890765828341534727e-01
3.334037185628070943e-01
7.872032243844067079e-01
1.083562085329124569e+00
6.019789362939572674e-01
5.371504354623003463e-01
4.630607202261222688e-01
7.223747235527486765e-01
6.019789362939572674e-01
5.464116498668242228e-01
6.482850083165693222e-01
5.186280066532555910e-01
8.242480820024976618e-01
9.816887268793764720e-01
7.964644387889281418e-01
6.668074371256160759e-01
8.612929396205849519e-01
3.889710049899416378e-01
5.834565074849125121e-01
9.539050836658091725e-01
6.112401506984831423e-01
6.019789362939572674e-01
5.464116498668227795e-01
6.945910803391814881e-01
7.038522947437039212e-01
5.464116498668227795e-01
7.779420099798832755e-01
5.834565074849157318e-01
6.205013651030020227e-01
4.723219346306433697e-01
6.297625795075244559e-01
1.157651800565302480e+00
1.111345728542690425e+00
7.872032243844101496e-01
5.741952930803900790e-01
9.539050836658091725e-01
1.231741515801481945e+00
9.909499412838989052e-01
8.427705108115403076e-01
1.092823299733651554e+00
1.176174229374347346e+00
1.000211155688421449e+00
1.111345728542692951e-01
4.630607202261220051e-02
4.260158626080323696e-01
3.426649329673302491e-01
3.148812897537629496e-01
3.982322193944651256e-01
4.260158626080319810e-01
4.167546482035099920e-01
6.668074371256160759e-01
5.464116498668235566e-01
7.501583667663180854e-01
7.223747235527506749e-01
7.594195811708394084e-01
7.223747235527496757e-01
7.038522947437068078e-01
9.353826548567657495e-01
7.872032243844067079e-01
7.779420099798864952e-01
7.779420099798842747e-01
9.075990116431984500e-01
8.057256531934537946e-01
9.539050836658106158e-01
7.872032243844067079e-01
6.390237939120495536e-01
5.649340786758684230e-01
3.241425041582851607e-01
5.186280066532562572e-01
6.575462227210927546e-01
4.815831490351691890e-01
6.205013651030030220e-01
4.815831490351665245e-01
7.686807955753618415e-01
7.316359379572721089e-01
5.927177218894357225e-01
7.501583667663169752e-01
6.297625795075288968e-01
7.131135091482272426e-01
7.223747235527496757e-01
8.242480820024964405e-01
1.065039656520079703e+00
9.724275124748553711e-01
4.815831490351691890e-01
8.242480820024964405e-01
9.539050836658106158e-01
8.520317252160639621e-01
7.038522947437048094e-01
8.798153684296311505e-01
1.148390586160787930e+00
1.185435443778871445e+00
8.983377972386760169e-01
1.018733584497468342e-01
1.389182160678366085e-01
3.982322193944649591e-01
2.130079313040161015e-01
3.889710049899424149e-01
5.278892210577793564e-01
6.760686515301376209e-01
4.167546482035099920e-01
6.390237939120487765e-01
5.927177218894357225e-01
1.000211155688424114e+00
6.668074371256160759e-01
7.964644387889291410e-01
7.131135091482272426e-01
6.482850083165720978e-01
5.371504354623011235e-01
5.001055778442113908e-01
1.120606942947217410e+00
7.594195811708394084e-01
5.001055778442113908e-01
6.853298659346619415e-01
9.353826548567657495e-01
5.093667922487338240e-01
4.815831490351678568e-01
4.723219346306440913e-01
5.464116498668235566e-01
7.223747235527496757e-01
1.000211155688422782e+00
6.760686515301412847e-01
6.205013651030030220e-01
6.575462227210927546e-01
6.760686515301376209e-01
1.018733584497467648e+00
8.057256531934515742e-01
8.890765828341535837e-01
7.686807955753660604e-01
4.445382914170767918e-01
7.131135091482272426e-01
8.057256531934515742e-01
8.057256531934515742e-01
9.909499412839002375e-01
7.872032243844110377e-01
1.046517227711034836e+00
1.009472370092945104e+00
9.724275124748553711e-01
8.335092964070188737e-01
8.612929396205863952e-01
1.231741515801490383e+00
1.018733584497467648e+00
1.120606942947214302e+00
1.296570016633140088e-01
1.203957872587915617e-01
3.982322193944645150e-01
2.500527889221055289e-01
4.537995058215988919e-01
7.964644387889291410e-01
5.927177218894348343e-01
6.482850083165703214e-01
5.464116498668235566e-01
5.927177218894348343e-01
8.798153684296310395e-01
9.539050836658106158e-01
7.964644387889281418e-01
7.316359379572712207e-01
7.316359379572732191e-01
6.297625795075244559e-01
1.018733584497466316e+00
6.205013651030037991e-01
6.668074371256141886e-01
5.649340786758676458e-01
5.927177218894366106e-01
7.964644387889281418e-01
4.445382914170761257e-01
5.278892210577793564e-01
5.093667922487331579e-01
7.501583667663160870e-01
5.649340786758676458e-01
8.705541540251073851e-01
8.242480820024999932e-01
5.927177218894348343e-01
6.945910803391814881e-01
6.112401506984797006e-01
1.092823299733645559e+00
8.242480820024954413e-01
6.668074371256141886e-01
6.853298659346628297e-01
5.186280066532555910e-01
6.945910803391814881e-01
8.057256531934505750e-01
1.009472370092943772e+00
9.168602260477195509e-01
7.501583667663200838e-01
1.120606942947212747e+00
9.168602260477195509e-01
1.287308802228616322e+00
9.909499412838989052e-01
1.296570016633138644e+00
1.333614874251235705e+00
1.713324664836647360e+00
1.296570016633138644e+00
1.574406448768812528e-01
2.593140033266280176e-01
5.278892210577784683e-01
4.352770770125540256e-01
6.668074371256146327e-01
1.055778442115557381e+00
8.057256531934505750e-01
7.501583667663169752e-01
9.261214404522432053e-01
8.335092964070178745e-01
9.631662980703330490e-01
7.501583667663169752e-01
8.705541540251073851e-01
6.853298659346590549e-01
8.335092964070200949e-01
7.872032243844057087e-01
5.927177218894348343e-01
9.724275124748569255e-01
5.741952930803900790e-01
7.316359379572712207e-01
7.501583667663180854e-01
6.760686515301366217e-01
3.704485761808968269e-01
5.741952930803916333e-01
6.112401506984797006e-01
5.093667922487331579e-01
4.630607202261209920e-01
5.278892210577779132e-01
8.149868675979775601e-01
7.501583667663160870e-01
7.686807955753608423e-01
6.019789362939572674e-01
9.446438692612867394e-01
7.408971523617936539e-01
7.038522947437039212e-01
5.278892210577807997e-01
8.798153684296298183e-01
7.594195811708384092e-01
1.037256013306511182e+00
1.009472370092943772e+00
6.112401506984797006e-01
6.575462227210954191e-01
1.203957872587914535e+00
9.909499412838989052e-01
1.055778442115555826e+00
1.213219086992437079e+00
1.018733584497466316e+00
1.315092445442190838e+00
1.315092445442183511e+00
1.528100376746199140e+00
2.222691457085388678e-01
2.778364321356735500e-01
5.186280066532574784e-01
4.074934337989878919e-01
3.704485761808981037e-01
9.168602260477233257e-01
1.027994798901991524e+00
8.612929396205887267e-01
6.945910803391844857e-01
9.539050836658119481e-01
8.427705108115436383e-01
5.093667922487351563e-01
6.205013651030039101e-01
6.205013651030039101e-01
7.686807955753651722e-01
5.927177218894364996e-01
4.167546482035099920e-01
8.057256531934550159e-01
8.612929396205875054e-01
8.798153684296322607e-01
5.278892210577809108e-01
6.668074371256160759e-01
4.260158626080325361e-01
6.205013651030055755e-01
5.649340786758693111e-01
4.723219346306447575e-01
6.390237939120487765e-01
9.075990116431995602e-01
8.612929396205922794e-01
7.501583667663180854e-01
8.983377972386771271e-01
6.853298659346609423e-01
8.520317252160650723e-01
6.575462227210936428e-01
9.261214404522445376e-01
7.779420099798898258e-01
6.297625795075263433e-01
4.908443634396896793e-01
7.223747235527507859e-01
1.027994798901991524e+00
7.131135091482283528e-01
8.983377972386821231e-01
9.909499412839017918e-01
1.083562085329126123e+00
9.261214404522445376e-01
1.370659731869321885e+00
1.296570016633142419e+00
1.287308802228626980e+00
1.435488232700979028e+00
1.203957872587917866e+00
1.481794304723588473e-01
3.889710049899419708e-01
6.112401506984803667e-01
3.148812897537624500e-01
3.426649329673297495e-01
7.038522947437049204e-01
1.018733584497466316e+00
9.539050836658106158e-01
9.631662980703330490e-01
6.945910803391814881e-01
8.612929396205861732e-01
8.612929396205861732e-01
9.539050836658091725e-01
5.186280066532555910e-01
7.686807955753629518e-01
8.057256531934505750e-01
6.390237939120468891e-01
5.741952930803916333e-01
6.019789362939572674e-01
9.168602260477195509e-01
4.537995058215997801e-01
4.815831490351658029e-01
3.241425041582846611e-01
6.019789362939590438e-01
5.834565074849125121e-01
4.723219346306433697e-01
1.037256013306511182e+00
7.316359379572712207e-01
6.112401506984831423e-01
6.760686515301366217e-01
5.927177218894348343e-01
6.575462227210917554e-01
7.131135091482262434e-01
5.093667922487331579e-01
8.520317252160627408e-01
8.149868675979775601e-01
6.112401506984797006e-01
6.945910803391814881e-01
8.335092964070178745e-01
1.157651800565302480e+00
1.055778442115555826e+00
7.779420099798876054e-01
1.102084514138167881e+00
1.213219086992437079e+00
1.278047587824093778e+00
1.259525159015048912e+00
1.250263944610526590e+00
1.537361591150730344e+00
1.324353659846706055e+00
1.444749447105497353e+00
2.315303601130606903e-01
1.944855024949709854e-01
7.408971523617943200e-01
6.112401506984801447e-01
7.131135091482266875e-01
7.779420099798842747e-01
1.241002730206004045e+00
1.259525159015050688e+00
8.983377972386759058e-01
8.335092964070178745e-01
8.705541540251086063e-01
9.168602260477207722e-01
9.724275124748540389e-01
5.741952930803900790e-01
6.482850083165712096e-01
7.501583667663160870e-01
4.723219346306433697e-01
5.371504354623017896e-01
8.427705108115403076e-01
7.594195811708384092e-01
6.205013651030037991e-01
5.927177218894348343e-01
4.537995058215985589e-01
8.242480820024976618e-01
7.223747235527486765e-01
6.019789362939572674e-01
7.872032243844057087e-01
6.205013651030020227e-01
6.297625795075280086e-01
5.278892210577779132e-01
6.482850083165693222e-01
5.186280066532555910e-01
7.779420099798832755e-01
6.297625795075244559e-01
9.631662980703316057e-01
8.983377972386796806e-01
6.205013651030020227e-01
4.815831490351658029e-01
1.139129371756257614e+00
1.102084514138167881e+00
6.760686515301366217e-01
9.724275124748594790e-01
1.454010661510019897e+00
1.102084514138167881e+00
1.352137303060273243e+00
1.611451306386901150e+00
1.426227018296452487e+00
1.778153165668314495e+00
1.685541021623080615e+00
1.583667663173333739e+00
2.685752177311511169e-01
1.296570016633143418e-01
4.352770770125554134e-01
5.464116498668245558e-01
7.131135091482287969e-01
8.149868675979763388e-01
9.168602260477219934e-01
9.446438692612908472e-01
7.779420099798866062e-01
6.853298659346609423e-01
1.352137303060279017e+00
5.741952930803924104e-01
7.779420099798854960e-01
5.093667922487343791e-01
6.019789362939605981e-01
8.149868675979751176e-01
7.408971523617956523e-01
4.537995058216011124e-01
5.371504354623017896e-01
8.983377972386771271e-01
6.205013651030055755e-01
8.705541540251098276e-01
4.630607202261222688e-01
8.427705108115448596e-01
1.046517227711036391e+00
7.964644387889303623e-01
8.335092964070199839e-01
7.686807955753630628e-01
5.834565074849172861e-01
5.556728642713467670e-01
6.575462227210936428e-01
7.131135091482283528e-01
1.027994798901991524e+00
9.168602260477219934e-01
9.909499412839017918e-01
9.631662980703397103e-01
6.205013651030039101e-01
8.335092964070199839e-01
1.027994798901991524e+00
1.592928877577860725e+00
1.259525159015052687e+00
1.315092445442194613e+00
1.074300870924603579e+00
1.231741515801485276e+00
1.259525159015052687e+00
1.481794304723591305e+00
1.370659731869321885e+00
1.778153165668319380e+00
2.194907813871819435e+00
1.537361591150726126e+00
2.963588609447176947e-01
4.815831490351662469e-01
4.445382914170765698e-01
4.537995058215988919e-01
5.093667922487334909e-01
6.297625795075253441e-01
9.353826548567643062e-01
1.213219086992438633e+00
8.057256531934515742e-01
8.242480820024954413e-01
7.316359379572721089e-01
6.760686515301376209e-01
4.815831490351658029e-01
7.316359379572712207e-01
6.853298659346610533e-01
7.872032243844057087e-01
6.390237939120468891e-01
6.205013651030037991e-01
7.038522947437039212e-01
8.335092964070178745e-01
7.408971523617956523e-01
7.131135091482262434e-01
5.741952930803900790e-01
1.055778442115558713e+00
9.446438692612867394e-01
6.760686515301366217e-01
7.686807955753608423e-01
7.408971523617936539e-01
7.131135091482302402e-01
4.908443634396882360e-01
7.131135091482262434e-01
8.057256531934505750e-01
7.131135091482262434e-01
8.890765828341522514e-01
1.111345728542690425e+00
8.335092964070225374e-01
8.057256531934505750e-01
1.009472370092943772e+00
1.352137303060273243e+00
1.685541021623080615e+00
1.092823299733645559e+00
1.018733584497471867e+00
1.065039656520078148e+00
1.194696658183392213e+00
8.612929396205849519e-01
1.361398517464795788e+00
9.724275124748540389e-01
1.611451306386910254e+00
1.768891951263782181e+00
1.768891951263782181e+00
1.574406448768812528e-01
4.815831490351662469e-01
4.630607202261214361e-01
3.982322193944643485e-01
7.316359379572715538e-01
6.482850083165703214e-01
8.705541540251073851e-01
7.223747235527496757e-01
7.038522947437049204e-01
7.408971523617936539e-01
8.612929396205861732e-01
8.427705108115415289e-01
4.630607202261209920e-01
6.945910803391814881e-01
6.945910803391834865e-01
7.501583667663160870e-01
4.815831490351658029e-01
6.760686515301385091e-01
4.815831490351658029e-01
6.853298659346590549e-01
7.131135091482282418e-01
9.075990116431971177e-01
5.927177218894348343e-01
1.176174229374350677e+00
1.194696658183392213e+00
8.149868675979730082e-01
5.464116498668227795e-01
5.001055778442107247e-01
7.501583667663200838e-01
5.649340786758676458e-01
8.798153684296298183e-01
9.261214404522419841e-01
9.446438692612867394e-01
1.027994798901988638e+00
1.213219086992437079e+00
1.065039656520084144e+00
9.724275124748540389e-01
1.222480301396959401e+00
1.416965803891930387e+00
1.491055519128109630e+00
1.194696658183392213e+00
9.261214404522470911e-01
1.324353659846706055e+00
1.528100376746199140e+00
1.278047587824093778e+00
1.815198023286394235e+00
1.426227018296452487e+00
1.667018592814045075e+00
1.880026524118051157e+00
1.398443375082885520e+00
2.407915745175837896e-01
5.093667922487348232e-01
9.353826548567678589e-01
3.797097905854205924e-01
7.223747235527512300e-01
9.168602260477233257e-01
8.427705108115424171e-01
6.297625795075271204e-01
7.501583667663191957e-01
6.205013651030039101e-01
9.539050836658132804e-01
9.909499412839030130e-01
3.889710049899427480e-01
6.575462227210936428e-01
6.297625795075280086e-01
7.316359379572731081e-01
6.853298659346609423e-01
7.408971523617976507e-01
5.001055778442119459e-01
7.408971523617956523e-01
4.537995058216011124e-01
7.038522947437059196e-01
1.120606942947216078e+00
9.261214404522470911e-01
7.594195811708406296e-01
4.630607202261222688e-01
6.760686515301385091e-01
6.482850083165712096e-01
4.445382914170798450e-01
6.297625795075263433e-01
1.074300870924603579e+00
1.009472370092946436e+00
1.092823299733648446e+00
9.909499412839017918e-01
1.379920946273844207e+00
9.909499412839071208e-01
8.242480820024975507e-01
1.176174229374350455e+00
9.261214404522445376e-01
1.241002730206007820e+00
1.324353659846709608e+00
1.166913014969834572e+00
1.407704589487411839e+00
1.305831231037664741e+00
1.287308802228619875e+00
1.555884019959770992e+00
1.546622805555248670e+00
1.676279807218571838e+00
1.722585879241175011e+00
1.518839162341681259e+00
1.203957872587915617e-01
3.519261473718522382e-01
7.872032243844064858e-01
4.537995058215988919e-01
7.501583667663164201e-01
7.316359379572721089e-01
5.834565074849125121e-01
6.945910803391824873e-01
9.075990116431983390e-01
9.446438692612867394e-01
9.909499412839002375e-01
7.779420099798842747e-01
5.278892210577779132e-01
7.686807955753608423e-01
8.890765828341546939e-01
8.890765828341522514e-01
6.390237939120468891e-01
6.945910803391834865e-01
7.501583667663160870e-01
7.686807955753608423e-01
1.065039656520081257e+00
9.631662980703316057e-01
9.075990116431971177e-01
7.779420099798853849e-01
8.890765828341522514e-01
5.649340786758676458e-01
7.594195811708384092e-01
5.371504354623003463e-01
5.649340786758707544e-01
8.520317252160627408e-01
9.446438692612867394e-01
1.102084514138167881e+00
9.724275124748540389e-01
1.250263944610526590e+00
1.213219086992437079e+00
1.509577947937162712e+00
1.111345728542690425e+00
1.324353659846706055e+00
1.296570016633138644e+00
1.194696658183392213e+00
1.055778442115555826e+00
1.111345728542696421e+00
1.342876088655750921e+00
1.518839162341676818e+00
1.611451306386901150e+00
1.472533090319064764e+00
1.278047587824093778e+00
1.305831231037668516e+00
1.620712520791423472e+00
1.787414380072827047e+00
1.481794304723588473e-01
3.889710049899419708e-01
5.927177218894355004e-01
2.593140033266279620e-01
9.909499412838995713e-01
5.649340786758684230e-01
6.668074371256141886e-01
8.335092964070190957e-01
5.278892210577786903e-01
8.983377972386746846e-01
8.798153684296310395e-01
6.575462227210927546e-01
3.797097905854192046e-01
6.853298659346590549e-01
7.223747235527506749e-01
7.594195811708384092e-01
7.501583667663160870e-01
6.112401506984814770e-01
5.278892210577779132e-01
7.223747235527486765e-01
1.139129371756260722e+00
1.176174229374347346e+00
9.909499412838989052e-01
7.316359379572732191e-01
9.261214404522419841e-01
6.390237939120468891e-01
6.112401506984797006e-01
4.537995058215985589e-01
6.760686515301403965e-01
9.816887268793764720e-01
8.335092964070178745e-01
8.983377972386746846e-01
9.909499412838989052e-01
1.213219086992437079e+00
1.426227018296452487e+00
1.315092445442190838e+00
9.631662980703316057e-01
6.760686515301366217e-01
7.408971523617936539e-01
1.472533090319064764e+00
1.185435443778869669e+00
1.296570016633145972e+00
1.157651800565302480e+00
1.250263944610526590e+00
1.620712520791423472e+00
1.250263944610526590e+00
1.528100376746199140e+00
1.602190091982387488e+00
1.880026524118051157e+00
1.741108308050214770e+00
9.261214404522453980e-02
3.797097905854206479e-01
8.983377972386781263e-01
3.426649329673306932e-01
1.111345728542693978e+00
4.074934337989881694e-01
5.371504354623017896e-01
7.408971523617967625e-01
6.575462227210946420e-01
8.612929396205875054e-01
7.872032243844090393e-01
9.353826548567681920e-01
3.426649329673304711e-01
4.352770770125549138e-01
7.038522947437078070e-01
4.908443634396896793e-01
6.112401506984814770e-01
6.297625795075280086e-01
4.908443634396896793e-01
7.779420099798854960e-01
6.297625795075280086e-01
9.631662980703343813e-01
1.092823299733648446e+00
8.705541540251123811e-01
1.074300870924603579e+00
3.611873617763753930e-01
6.019789362939589328e-01
5.741952930803916333e-01
4.723219346306473665e-01
9.168602260477219934e-01
6.945910803391834865e-01
1.157651800565305589e+00
1.287308802228619875e+00
1.352137303060277018e+00
1.435488232700979028e+00
7.316359379572772159e-01
1.111345728542693534e+00
1.065039656520081257e+00
9.353826548567669708e-01
1.185435443778872999e+00
1.102084514138170990e+00
1.324353659846716935e+00
1.213219086992440410e+00
1.203957872587917866e+00
1.102084514138170990e+00
1.259525159015052687e+00
1.889287738522579030e+00
1.296570016633149747e+00
1.935593810545191085e+00
1.731847093645697333e+00
4.630607202261213806e-02
2.685752177311503952e-01
8.149868675979738963e-01
4.815831490351661359e-01
9.446438692612874055e-01
7.131135091482272426e-01
5.278892210577779132e-01
7.038522947437049204e-01
6.945910803391824873e-01
8.612929396205849519e-01
1.046517227711034836e+00
5.741952930803908561e-01
2.870976465401950395e-01
4.445382914170761257e-01
4.445382914170773470e-01
5.371504354623003463e-01
7.408971523617936539e-01
9.353826548567670818e-01
8.983377972386746846e-01
1.111345728542690425e+00
8.890765828341546939e-01
1.065039656520078148e+00
9.724275124748540389e-01
1.000211155688424114e+00
1.203957872587914535e+00
7.686807955753608423e-01
4.260158626080313704e-01
4.908443634396882360e-01
9.261214404522470911e-01
8.890765828341522514e-01
8.335092964070178745e-01
1.018733584497466316e+00
9.631662980703316057e-01
9.724275124748540389e-01
1.333614874251228377e+00
9.075990116432021138e-01
1.120606942947212747e+00
9.261214404522419841e-01
7.872032243844057087e-01
1.750369522454737314e+00
7.316359379572712207e-01
1.102084514138174098e+00
8.427705108115403076e-01
1.194696658183392213e+00
1.185435443778869669e+00
1.166913014969825024e+00
1.416965803891930387e+00
1.861504095309016504e+00
1.926332596140663211e+00
1.991161096972320355e+00
3.704485761808971184e-02
3.056200753492401279e-01
5.186280066532561461e-01
4.260158626080316480e-01
8.520317252160632959e-01
4.630607202261216027e-01
4.260158626080313704e-01
4.445382914170767363e-01
5.556728642713459898e-01
1.296570016633138644e+00
9.816887268793778043e-01
7.038522947437049204e-01
4.630607202261209920e-01
4.260158626080313704e-01
2.593140033266284616e-01
6.205013651030020227e-01
9.446438692612867394e-01
8.242480820024976618e-01
4.815831490351658029e-01
6.668074371256141886e-01
1.046517227711036169e+00
8.890765828341522514e-01
7.964644387889281418e-01
8.427705108115426391e-01
1.185435443778869669e+00
7.872032243844057087e-01
8.705541540251073851e-01
7.686807955753608423e-01
1.046517227711039277e+00
7.316359379572712207e-01
1.018733584497466316e+00
7.686807955753608423e-01
9.909499412838989052e-01
1.333614874251228377e+00
1.278047587824093778e+00
8.798153684296347032e-01
9.539050836658091725e-01
6.853298659346590549e-01
8.983377972386746846e-01
1.315092445442183511e+00
1.129868157351735292e+00
1.074300870924606688e+00
1.454010661510019897e+00
1.407704589487407842e+00
1.305831231037661189e+00
1.324353659846706055e+00
1.463271875914542441e+00
1.370659731869325659e+00
2.176385385062768574e+00
2.426438173984874158e+00
6.482850083165700439e-02
3.611873617763746713e-01
5.741952930803906341e-01
1.481794304723588196e-01
1.037256013306511848e+00
3.519261473718524602e-01
3.704485761808968269e-01
5.001055778442113908e-01
8.149868675979741184e-01
1.222480301396959401e+00
1.157651800565304034e+00
6.112401506984805888e-01
4.074934337989865041e-01
6.390237939120468891e-01
6.112401506984814770e-01
8.705541540251073851e-01
7.131135091482262434e-01
7.501583667663180854e-01
9.168602260477195509e-01
5.834565074849125121e-01
4.260158626080325361e-01
5.927177218894348343e-01
9.446438692612867394e-01
7.872032243844079291e-01
1.315092445442183511e+00
6.575462227210917554e-01
7.408971523617936539e-01
7.316359379572712207e-01
1.046517227711039277e+00
9.539050836658091725e-01
8.427705108115403076e-01
6.019789362939572674e-01
6.760686515301366217e-01
9.353826548567643062e-01
1.296570016633138644e+00
1.342876088655758471e+00
8.149868675979730082e-01
1.203957872587914535e+00
1.102084514138167881e+00
1.111345728542690425e+00
1.268786373419571456e+00
9.075990116432021138e-01
1.009472370092943772e+00
1.231741515801481945e+00
1.444749447105497353e+00
1.379920946273840654e+00
1.991161096972320355e+00
1.805936808881881683e+00
2.194907813871813662e+00
2.870976465401950062e+00
1.574406448768812528e-01
6.112401506984802557e-01
7.686807955753616195e-01
4.445382914170764588e-01
1.213219086992437745e+00
6.482850083165703214e-01
3.519261473718519606e-01
3.797097905854197042e-01
6.390237939120477773e-01
1.148390586160780158e+00
1.315092445442185509e+00
8.149868675979741184e-01
4.723219346306433697e-01
7.779420099798832755e-01
6.668074371256160759e-01
1.194696658183392213e+00
1.129868157351735292e+00
8.057256531934527954e-01
6.482850083165693222e-01
6.390237939120468891e-01
5.741952930803916333e-01
6.112401506984797006e-01
7.686807955753608423e-01
6.853298659346610533e-01
9.261214404522419841e-01
9.539050836658091725e-01
7.131135091482262434e-01
5.186280066532555910e-01
7.038522947437078070e-01
8.242480820024954413e-01
7.223747235527486765e-01
7.964644387889281418e-01
7.501583667663160870e-01
1.259525159015048912e+00
1.203957872587914535e+00
1.741108308050224540e+00
1.018733584497466316e+00
7.964644387889281418e-01
1.046517227711033282e+00
1.018733584497466316e+00
1.083562085329123015e+00
1.546622805555252667e+00
1.454010661510019897e+00
1.407704589487407842e+00
1.491055519128109630e+00
1.435488232700975031e+00
1.787414380072827047e+00
1.546622805555252667e+00
2.231952671489903395e+00
2.593140033266277289e+00
3.704485761808992000e-02
5.093667922487363775e-01
8.427705108115456367e-01
3.889710049899440802e-01
1.231741515801489495e+00
3.982322193944667910e-01
5.556728642713483213e-01
3.056200753492419597e-01
7.779420099798887156e-01
1.027994798901994411e+00
1.491055519128119844e+00
5.927177218894390531e-01
7.408971523617976507e-01
6.575462227210954191e-01
7.131135091482322386e-01
8.612929396205898369e-01
3.704485761808988253e-01
9.446438692612946220e-01
8.335092964070224264e-01
8.427705108115448596e-01
5.834565074849172861e-01
3.611873617763763367e-01
8.335092964070224264e-01
9.353826548567721888e-01
8.983377972386797916e-01
6.112401506984831423e-01
8.057256531934550159e-01
5.834565074849156208e-01
1.037256013306522506e+00
9.168602260477246579e-01
9.446438692612920685e-01
1.074300870924606688e+00
9.168602260477246579e-01
9.724275124748594790e-01
9.631662980703370458e-01
1.241002730206017812e+00
1.278047587824100884e+00
9.353826548567696353e-01
1.009472370092949323e+00
1.759630736859269406e+00
1.241002730206010929e+00
1.454010661510036106e+00
1.111345728542696643e+00
1.074300870924606688e+00
1.907810167331629003e+00
2.083773241017556010e+00
1.648496164004999986e+00
1.426227018296468252e+00
2.055989597803988822e+00
3.102506825515027433e+00
7.408971523617942367e-02
3.704485761808971045e-01
4.723219346306439248e-01
7.408971523617939869e-01
8.798153684296304844e-01
5.464116498668235566e-01
8.798153684296298183e-01
4.352770770125543032e-01
4.723219346306440913e-01
1.176174229374347346e+00
9.353826548567657495e-01
3.334037185628075939e-01
4.815831490351658029e-01
8.705541540251073851e-01
5.556728642713467670e-01
6.390237939120468891e-01
2.315303601130604960e-01
1.083562085329126123e+00
1.296570016633138644e+00
5.001055778442107247e-01
3.334037185628080380e-01
2.037467168994932520e-01
5.371504354623003463e-01
8.149868675979752286e-01
1.194696658183392213e+00
1.000211155688421449e+00
9.816887268793764720e-01
5.834565074849125121e-01
8.427705108115449706e-01
9.724275124748540389e-01
9.539050836658091725e-01
1.148390586160780158e+00
9.816887268793764720e-01
1.287308802228616322e+00
1.055778442115555826e+00
1.472533090319072979e+00
8.335092964070178745e-01
9.724275124748540389e-01
9.539050836658091725e-01
1.546622805555244007e+00
1.185435443778869669e+00
1.426227018296460480e+00
1.166913014969825024e+00
1.222480301396959401e+00
1.657757378409513205e+00
1.898548952927096023e+00
1.963377453758752944e+00
2.102295669826600655e+00
2.343087244344172149e+00
3.463694187291384896e+00
1.296570016633140088e-01
3.611873617763746713e-01
3.426649329673299160e-01
9.168602260477202170e-01
7.779420099798838306e-01
5.093667922487338240e-01
5.556728642713452127e-01
5.649340786758684230e-01
8.149868675979741184e-01
8.983377972386746846e-01
8.427705108115415289e-01
3.056200753492402944e-01
5.001055778442107247e-01
6.668074371256141886e-01
5.001055778442120570e-01
7.223747235527486765e-01
5.093667922487331579e-01
1.203957872587918088e+00
9.631662980703316057e-01
6.668074371256141886e-01
6.019789362939590438e-01
3.982322193944640709e-01
3.889710049899416378e-01
5.649340786758692001e-01
1.055778442115555826e+00
1.203957872587914535e+00
9.075990116431971177e-01
7.872032243844057087e-01
8.890765828341572474e-01
7.779420099798832755e-01
8.520317252160627408e-01
9.168602260477195509e-01
7.501583667663160870e-01
1.231741515801481945e+00
1.092823299733645559e+00
1.027994798901994411e+00
7.038522947437039212e-01
7.779420099798832755e-01
8.335092964070178745e-01
1.055778442115555826e+00
8.057256531934505750e-01
1.768891951263791729e+00
1.759630736859259637e+00
1.426227018296452487e+00
1.611451306386901150e+00
1.574406448768811417e+00
2.130079313040156297e+00
2.546833961243679667e+00
2.565356390052710100e+00
2.704274606120546487e+00
1.481794304723588473e-01
2.315303601130606903e-01
4.537995058215990030e-01
6.760686515301370658e-01
5.093667922487334909e-01
6.853298659346600541e-01
3.611873617763743383e-01
1.120606942947214302e+00
5.093667922487338240e-01
1.416965803891930387e+00
9.909499412839002375e-01
5.649340786758684230e-01
7.131135091482262434e-01
6.390237939120468891e-01
5.001055778442120570e-01
5.186280066532555910e-01
7.686807955753608423e-01
6.945910803391834865e-01
9.539050836658091725e-01
6.019789362939572674e-01
7.408971523617956523e-01
3.426649329673295274e-01
6.297625795075244559e-01
4.630607202261222688e-01
8.242480820024954413e-01
9.539050836658091725e-01
8.057256531934505750e-01
8.427705108115403076e-01
4.908443634396909561e-01
9.261214404522419841e-01
1.046517227711033282e+00
8.798153684296298183e-01
8.798153684296298183e-01
1.083562085329123015e+00
7.408971523617936539e-01
7.779420099798876054e-01
1.352137303060273243e+00
8.983377972386746846e-01
1.166913014969825024e+00
1.342876088655750921e+00
1.528100376746199140e+00
1.389182160678370748e+00
1.528100376746199140e+00
1.018733584497466316e+00
1.611451306386901150e+00
1.518839162341676818e+00
2.509789103625575279e+00
1.889287738522584137e+00
3.204380183964757212e+00
2.278258743512515228e+00
5.556728642713456429e-02
5.834565074849129562e-01
3.797097905854195932e-01
5.556728642713455457e-01
5.001055778442110578e-01
6.297625795075253441e-01
6.297625795075244559e-01
4.815831490351665245e-01
7.131135091482272426e-01
8.798153684296298183e-01
6.945910803391824873e-01
5.186280066532562572e-01
7.038522947437039212e-01
6.297625795075244559e-01
6.575462227210936428e-01
3.982322193944640709e-01
6.297625795075244559e-01
7.131135091482282418e-01
8.983377972386746846e-01
7.038522947437039212e-01
7.223747235527506749e-01
8.798153684296298183e-01
5.093667922487331579e-01
8.798153684296322607e-01
1.222480301396959401e+00
9.816887268793764720e-01
1.166913014969825024e+00
7.779420099798832755e-01
7.223747235527526733e-01
5.834565074849125121e-01
6.390237939120468891e-01
5.741952930803900790e-01
1.074300870924600693e+00
7.964644387889281418e-01
7.686807955753608423e-01
8.057256531934551269e-01
8.798153684296298183e-01
1.129868157351735292e+00
8.612929396205849519e-01
1.620712520791423472e+00
1.407704589487407842e+00
1.694802236027612263e+00
1.731847093645692448e+00
1.222480301396959401e+00
1.944855024949708078e+00
1.657757378409513205e+00
2.287519957917037772e+00
2.278258743512528106e+00
2.870976465401950062e+00
2.148601741849201385e+00
4.630607202261213806e-02
5.186280066532560351e-01
3.519261473718523492e-01
7.038522947437043653e-01
6.112401506984801447e-01
6.668074371256151878e-01
2.870976465401950395e-01
3.611873617763748379e-01
1.037256013306512514e+00
7.131135091482262434e-01
7.038522947437049204e-01
5.093667922487338240e-01
8.983377972386746846e-01
6.205013651030020227e-01
9.261214404522445376e-01
4.723219346306433697e-01
7.316359379572712207e-01
6.112401506984814770e-01
9.724275124748540389e-01
5.649340786758676458e-01
5.093667922487344901e-01
6.297625795075244559e-01
9.446438692612867394e-01
6.760686515301385091e-01
7.223747235527486765e-01
7.594195811708384092e-01
6.945910803391814881e-01
9.909499412838989052e-01
4.260158626080337574e-01
6.853298659346590549e-01
8.149868675979730082e-01
5.649340786758676458e-01
9.168602260477195509e-01
1.166913014969825024e+00
1.027994798901988638e+00
1.370659731869325659e+00
8.335092964070178745e-01
7.501583667663160870e-01
1.009472370092943772e+00
1.241002730206004045e+00
1.398443375082885520e+00
1.963377453758763824e+00
1.611451306386901150e+00
1.361398517464795788e+00
1.759630736859259637e+00
2.102295669826589108e+00
1.870765309713528612e+00
3.250686255987387696e+00
2.732058249334114119e+00
2.287519957917037772e+00
9.261214404522427959e-03
2.870976465401952615e-01
3.519261473718523492e-01
8.890765828341529176e-01
3.982322193944643485e-01
6.760686515301376209e-01
5.556728642713451571e-02
4.908443634396889022e-01
6.575462227210927546e-01
4.815831490351658029e-01
6.112401506984805888e-01
6.760686515301376209e-01
1.083562085329123015e+00
6.112401506984797006e-01
1.157651800565305589e+00
3.889710049899416378e-01
7.501583667663160870e-01
5.741952930803916333e-01
1.000211155688421449e+00
8.427705108115403076e-01
3.148812897537631716e-01
8.890765828341522514e-01
1.166913014969825024e+00
9.724275124748569255e-01
7.964644387889281418e-01
5.927177218894348343e-01
6.760686515301366217e-01
8.149868675979730082e-01
5.371504354623033439e-01
6.112401506984797006e-01
5.186280066532555910e-01
7.872032243844057087e-01
9.724275124748540389e-01
1.027994798901988638e+00
9.075990116431971177e-01
9.539050836658145016e-01
9.446438692612867394e-01
1.000211155688421449e+00
1.176174229374347346e+00
2.102295669826589108e+00
1.972638668163275488e+00
1.944855024949718958e+00
2.046728383399455176e+00
1.704063450432125482e+00
1.667018592814035749e+00
1.787414380072827047e+00
2.519050318030097824e+00
2.695013391716039486e+00
2.444960602793918802e+00
2.908021323020039794e+00
0.000000000000000000e+00
2.963588609447193600e-01
4.260158626080341460e-01
1.194696658183399762e+00
3.334037185628092037e-01
3.704485761808993249e-01
1.852242880904494127e-01
6.482850083165738742e-01
6.112401506984839195e-01
6.853298659346628297e-01
5.741952930803940758e-01
7.131135091482312394e-01
8.705541540251122701e-01
7.316359379572752175e-01
1.407704589487419611e+00
6.945910803391852628e-01
1.222480301396966285e+00
4.630607202261248778e-01
8.057256531934550159e-01
9.261214404522472021e-01
7.038522947437098054e-01
7.779420099798877164e-01
8.335092964070224264e-01
6.297625795075297850e-01
8.520317252160674037e-01
6.019789362939605981e-01
1.241002730206010929e+00
7.408971523617976507e-01
6.390237939120539945e-01
8.427705108115448596e-01
7.501583667663201949e-01
6.390237939120504418e-01
1.203957872587921196e+00
1.287308802228623650e+00
1.092823299733651554e+00
8.427705108115494115e-01
8.149868675979775601e-01
7.594195811708426280e-01
1.352137303060280571e+00
1.981899882567808691e+00
1.611451306386910032e+00
1.759630736859279176e+00
2.241213885894438373e+00
2.167124170658258464e+00
2.185646599467303108e+00
1.944855024949718958e+00
2.306042386726095295e+00
2.982111038256252122e+00
2.556095175648201767e+00
2.926543751829100870e+00
0.000000000000000000e+00
1.667018592814036859e-01
4.352770770125541366e-01
8.798153684296304844e-01
5.741952930803904120e-01
1.759630736859262301e-01
5.186280066532555910e-01
3.519261473718524602e-01
6.019789362939581556e-01
4.167546482035089372e-01
8.705541540251086063e-01
5.371504354623011235e-01
7.131135091482262434e-01
6.575462227210917554e-01
1.166913014969828355e+00
8.612929396205849519e-01
1.463271875914542441e+00
5.464116498668242228e-01
7.686807955753608423e-01
1.250263944610526590e+00
7.316359379572732191e-01
8.149868675979730082e-01
1.055778442115555826e+00
8.149868675979752286e-01
9.075990116431971177e-01
9.724275124748540389e-01
8.149868675979730082e-01
8.890765828341522514e-01
8.149868675979775601e-01
8.983377972386746846e-01
7.131135091482262434e-01
6.482850083165693222e-01
8.983377972386746846e-01
1.537361591150721685e+00
1.241002730206004045e+00
8.983377972386796806e-01
1.157651800565302480e+00
1.287308802228616322e+00
1.083562085329123015e+00
1.787414380072827047e+00
1.148390586160780158e+00
1.583667663173342621e+00
1.333614874251228377e+00
2.120818098635634197e+00
1.917071381736140889e+00
2.287519957917037772e+00
2.824670393379338229e+00
3.185857755155730331e+00
2.880237679806472606e+00
2.657968534097934654e+00
9.261214404522427959e-03
2.963588609447176947e-01
4.167546482035093813e-01
7.594195811708388533e-01
8.520317252160632959e-01
2.130079313040159905e-01
3.982322193944640709e-01
6.668074371256151878e-01
6.760686515301376209e-01
5.001055778442107247e-01
5.371504354623011235e-01
2.407915745175832622e-01
7.038522947437039212e-01
6.019789362939572674e-01
9.631662980703343813e-01
1.009472370092943772e+00
7.223747235527486765e-01
7.408971523617956523e-01
8.798153684296298183e-01
9.075990116431971177e-01
6.760686515301385091e-01
5.186280066532555910e-01
8.427705108115403076e-01
6.297625795075263433e-01
1.055778442115555826e+00
8.427705108115403076e-01
6.019789362939572674e-01
9.261214404522419841e-01
7.779420099798876054e-01
7.779420099798832755e-01
8.705541540251073851e-01
6.853298659346590549e-01
9.446438692612867394e-01
1.842981666499961646e+00
1.213219086992437079e+00
1.583667663173342621e+00
1.222480301396959401e+00
1.268786373419571456e+00
1.389182160678362976e+00
1.444749447105497353e+00
1.602190091982378606e+00
1.315092445442190838e+00
1.333614874251228377e+00
1.861504095309006512e+00
2.009683525781364999e+00
2.009683525781364999e+00
2.833931607783860773e+00
3.954538550731094837e+00
4.028628265967252986e+00
3.611873617763743827e+00
1.852242880904485592e-02
3.889710049899419708e-01
4.630607202261214361e-01
5.464116498668231126e-01
4.630607202261213251e-01
6.945910803391824873e-01
6.019789362939572674e-01
8.705541540251086063e-01
7.501583667663169752e-01
5.278892210577779132e-01
5.741952930803908561e-01
6.760686515301376209e-01
6.019789362939572674e-01
7.408971523617936539e-01
8.427705108115426391e-01
8.242480820024954413e-01
6.575462227210917554e-01
1.000211155688424114e+00
8.798153684296298183e-01
8.890765828341522514e-01
6.390237939120487765e-01
7.316359379572712207e-01
6.297625795075244559e-01
6.205013651030037991e-01
1.166913014969825024e+00
4.167546482035089372e-01
5.001055778442107247e-01
6.760686515301366217e-01
7.501583667663200838e-01
5.556728642713452127e-01
7.316359379572712207e-01
8.798153684296298183e-01
8.890765828341522514e-01
1.426227018296452487e+00
1.148390586160780158e+00
1.537361591150730344e+00
9.816887268793764720e-01
1.342876088655750921e+00
1.407704589487407842e+00
1.639234949600468338e+00
1.315092445442183511e+00
1.120606942947219187e+00
1.296570016633138644e+00
2.037467168994932631e+00
2.491266674816530635e+00
2.491266674816530635e+00
2.370870887557739337e+00
3.250686255987387696e+00
3.417388115268772619e+00
4.139762838821521740e+00
5.556728642713456429e-02
6.297625795075250110e-01
4.537995058215990030e-01
3.704485761808969935e-01
3.611873617763745603e-01
4.537995058215991695e-01
2.963588609447174171e-01
6.297625795075253441e-01
6.945910803391824873e-01
9.075990116431971177e-01
5.186280066532562572e-01
3.797097905854197042e-01
6.760686515301366217e-01
7.779420099798832755e-01
7.964644387889303623e-01
6.112401506984797006e-01
6.482850083165693222e-01
1.398443375082889295e+00
8.335092964070178745e-01
7.872032243844057087e-01
4.630607202261222688e-01
6.019789362939572674e-01
6.112401506984797006e-01
5.093667922487344901e-01
1.407704589487407842e+00
7.872032243844057087e-01
9.816887268793764720e-01
5.741952930803900790e-01
8.983377972386796806e-01
8.335092964070178745e-01
7.964644387889281418e-01
8.242480820024954413e-01
8.242480820024954413e-01
1.157651800565302480e+00
1.250263944610526590e+00
1.278047587824100884e+00
1.444749447105497353e+00
1.213219086992437079e+00
1.463271875914542441e+00
1.481794304723587308e+00
1.361398517464795788e+00
7.779420099798876054e-01
1.324353659846706055e+00
2.028205954590410087e+00
2.296781172321560316e+00
2.889498894210994706e+00
2.713535820525069031e+00
3.185857755155730331e+00
4.269419840484835582e+00
3.926754907517505888e+00
1.111345728542691286e-01
5.834565074849129562e-01
4.167546482035093813e-01
5.278892210577782462e-01
5.186280066532559241e-01
3.241425041582851607e-01
6.575462227210917554e-01
2.685752177311505617e-01
9.075990116431983390e-01
6.482850083165693222e-01
8.983377972386759058e-01
6.019789362939581556e-01
6.760686515301366217e-01
6.205013651030020227e-01
4.260158626080325361e-01
7.408971523617936539e-01
5.371504354623003463e-01
9.539050836658119481e-01
7.316359379572712207e-01
1.065039656520078148e+00
7.223747235527506749e-01
3.334037185628070943e-01
5.741952930803900790e-01
5.001055778442120570e-01
8.149868675979730082e-01
8.427705108115403076e-01
8.335092964070178745e-01
9.446438692612867394e-01
7.872032243844101496e-01
8.983377972386746846e-01
8.890765828341522514e-01
6.390237939120468891e-01
7.872032243844057087e-01
1.018733584497466316e+00
1.203957872587914535e+00
1.518839162341685256e+00
1.768891951263782181e+00
1.583667663173333739e+00
1.342876088655750921e+00
1.222480301396959401e+00
1.166913014969825024e+00
1.416965803891938158e+00
1.231741515801481945e+00
1.870765309713528612e+00
2.102295669826589108e+00
2.231952671489903395e+00
3.565567545741131550e+00
4.047150694776320279e+00
4.556517487025030455e+00
4.334248341316492059e+00
1.574406448768821409e-01
2.685752177311518940e-01
2.315303601130620503e-01
3.426649329673316369e-01
4.260158626080339794e-01
3.148812897537644484e-01
4.352770770125561350e-01
3.519261473718544031e-01
5.927177218894390531e-01
8.612929396205898369e-01
1.083562085329130564e+00
6.760686515301412847e-01
9.539050836658145016e-01
6.668074371256178523e-01
8.149868675979797805e-01
4.815831490351685229e-01
4.352770770125561350e-01
7.223747235527547828e-01
7.131135091482302402e-01
1.213219086992443962e+00
6.205013651030072408e-01
3.611873617763763367e-01
4.815831490351685229e-01
8.612929396205922794e-01
1.111345728542696643e+00
1.176174229374354008e+00
7.316359379572752175e-01
6.945910803391852628e-01
5.556728642713513189e-01
8.242480820024999932e-01
9.075990116432022248e-01
5.371504354623033439e-01
8.149868675979775601e-01
1.102084514138174320e+00
1.305831231037668516e+00
1.398443375082901063e+00
1.268786373419578561e+00
1.704063450432134807e+00
1.694802236027612041e+00
1.176174229374354008e+00
1.213219086992443962e+00
1.278047587824107989e+00
1.648496164004999986e+00
2.074512026613033466e+00
2.167124170658258464e+00
2.556095175648201767e+00
3.121029254324072966e+00
4.074934337989909672e+00
5.306675853791375630e+00
5.139973994509971611e+00
1.667018592814036859e-01
2.778364321356728284e-01
6.205013651030026889e-01
3.519261473718521827e-01
4.445382914170764588e-01
1.111345728542691841e-01
4.074934337989865041e-01
6.853298659346600541e-01
5.093667922487338240e-01
7.408971523617936539e-01
4.723219346306440913e-01
9.075990116431983390e-01
7.223747235527486765e-01
7.964644387889281418e-01
7.408971523617956523e-01
2.963588609447174171e-01
3.611873617763743383e-01
8.242480820024976618e-01
8.335092964070178745e-01
1.278047587824093778e+00
9.353826548567670818e-01
6.482850083165693222e-01
6.482850083165693222e-01
4.723219346306447575e-01
6.205013651030020227e-01
8.890765828341522514e-01
9.539050836658091725e-01
8.890765828341522514e-01
9.075990116432021138e-01
7.223747235527486765e-01
6.575462227210917554e-01
7.964644387889281418e-01
4.723219346306433697e-01
1.037256013306511182e+00
1.194696658183392213e+00
1.111345728542696421e+00
8.057256531934505750e-01
1.268786373419571456e+00
1.639234949600468338e+00
1.870765309713528612e+00
2.241213885894425495e+00
1.722585879241179452e+00
1.907810167331618345e+00
2.454221817198441347e+00
2.259736314703470583e+00
2.370870887557739337e+00
3.760053048236102313e+00
3.658179689786376088e+00
5.454855284263705251e+00
5.825303860444601689e+00
5.556728642713456429e-02
1.111345728542691286e-01
2.593140033266280731e-01
1.944855024949709577e-01
5.278892210577782462e-01
1.389182160678364975e-01
5.927177218894348343e-01
6.760686515301376209e-01
1.852242880904486355e-01
1.009472370092943772e+00
4.537995058215991695e-01
8.149868675979741184e-01
7.316359379572712207e-01
8.705541540251073851e-01
6.575462227210936428e-01
4.723219346306433697e-01
4.074934337989865041e-01
1.074300870924603579e+00
8.242480820024954413e-01
9.075990116431971177e-01
7.223747235527506749e-01
8.890765828341522514e-01
9.909499412838989052e-01
6.760686515301385091e-01
4.260158626080313704e-01
9.168602260477195509e-01
1.194696658183392213e+00
7.594195811708384092e-01
6.668074371256178523e-01
8.520317252160627408e-01
7.131135091482262434e-01
6.297625795075244559e-01
5.741952930803900790e-01
1.213219086992437079e+00
1.333614874251228377e+00
1.592928877577865165e+00
1.296570016633138644e+00
1.537361591150721685e+00
1.722585879241169904e+00
1.731847093645692448e+00
1.667018592814035749e+00
1.611451306386910254e+00
1.203957872587914535e+00
2.639446105288889566e+00
2.722797034929591575e+00
2.546833961243665012e+00
3.074723182301443369e+00
5.454855284263735449e+00
6.427282796738559512e+00
6.001266934130528696e+00
1.296570016633140088e-01
1.574406448768812528e-01
2.315303601130607181e-01
1.759630736859260913e-01
4.908443634396885691e-01
2.593140033266281286e-01
3.982322193944640709e-01
4.167546482035095479e-01
3.889710049899421374e-01
1.000211155688421449e+00
6.482850083165703214e-01
7.594195811708394084e-01
1.046517227711033282e+00
9.909499412838989052e-01
6.482850083165712096e-01
4.537995058215985589e-01
6.482850083165693222e-01
1.009472370092946658e+00
6.853298659346590549e-01
8.335092964070178745e-01
5.186280066532569233e-01
8.520317252160627408e-01
7.408971523617936539e-01
6.112401506984814770e-01
4.445382914170761257e-01
1.102084514138167881e+00
1.481794304723587308e+00
8.242480820024954413e-01
7.038522947437078070e-01
9.631662980703316057e-01
5.371504354623003463e-01
6.019789362939572674e-01
8.612929396205849519e-01
1.157651800565302480e+00
1.065039656520078148e+00
1.444749447105505347e+00
1.352137303060273243e+00
1.722585879241169904e+00
1.639234949600468338e+00
1.361398517464795788e+00
1.815198023286394235e+00
1.528100376746207800e+00
2.009683525781364999e+00
2.750580678143158764e+00
2.537572746839142912e+00
3.232163827178324844e+00
3.278469899200936677e+00
6.093879078175786113e+00
6.788470158514934738e+00
7.890554672653101953e+00
0.000000000000000000e+00
1.852242880904485522e-01
3.519261473718523492e-01
4.445382914170764588e-01
5.278892210577782462e-01
1.574406448768813360e-01
4.537995058215985589e-01
4.537995058215991695e-01
8.335092964070190957e-01
9.075990116431971177e-01
6.760686515301376209e-01
9.261214404522432053e-01
6.945910803391814881e-01
7.594195811708384092e-01
9.446438692612895149e-01
7.223747235527486765e-01
7.594195811708384092e-01
9.446438692612895149e-01
6.945910803391814881e-01
9.631662980703316057e-01
1.074300870924603579e+00
1.305831231037661189e+00
8.057256531934505750e-01
1.018733584497468980e+00
7.501583667663160870e-01
9.353826548567643062e-01
1.500316733532632174e+00
1.129868157351735292e+00
7.964644387889325827e-01
7.316359379572712207e-01
5.927177218894348343e-01
6.390237939120468891e-01
1.157651800565302480e+00
9.539050836658091725e-01
8.335092964070178745e-01
1.278047587824100884e+00
9.909499412838989052e-01
1.741108308050214770e+00
1.768891951263782181e+00
2.241213885894425495e+00
1.407704589487407842e+00
1.491055519128117846e+00
2.093034455422066564e+00
2.935804966233606983e+00
2.583878818861754745e+00
2.417176959580351614e+00
4.324987126911969959e+00
5.853087503658200852e+00
7.316359379572711319e+00
9.326042905354077206e+00
6.482850083165700439e-02
2.130079313040158795e-01
5.278892210577784683e-01
4.630607202261213251e-01
6.668074371256146327e-01
4.445382914170767363e-01
4.352770770125536925e-01
5.649340786758684230e-01
9.816887268793778043e-01
1.129868157351735292e+00
9.539050836658106158e-01
6.760686515301376209e-01
7.316359379572712207e-01
9.075990116431971177e-01
6.945910803391834865e-01
5.834565074849125121e-01
9.353826548567643062e-01
1.241002730206007598e+00
1.000211155688421449e+00
9.909499412838989052e-01
1.268786373419575009e+00
1.324353659846706055e+00
7.686807955753608423e-01
9.446438692612895149e-01
7.964644387889281418e-01
1.648496164004990883e+00
1.166913014969825024e+00
1.259525159015048912e+00
8.242480820024999932e-01
1.074300870924600693e+00
7.223747235527486765e-01
8.798153684296298183e-01
1.268786373419571456e+00
9.724275124748540389e-01
9.816887268793764720e-01
8.335092964070225374e-01
1.074300870924600693e+00
1.509577947937154496e+00
1.500316733532632174e+00
1.750369522454737314e+00
1.787414380072827047e+00
1.667018592814045075e+00
2.333826029939650049e+00
3.195118969560234667e+00
3.083984396705965469e+00
2.611662462075322377e+00
3.537783902527564361e+00
5.751214145208454198e+00
9.168602260477197063e+00
1.353063424500725631e+01
4.630607202261239480e-02
3.889710049899441358e-01
4.815831490351690780e-01
4.630607202261239341e-01
6.760686515301408406e-01
3.148812897537644484e-01
5.001055778442135002e-01
6.945910803391862620e-01
8.890765828341584687e-01
1.092823299733651554e+00
7.686807955753660604e-01
7.131135091482312394e-01
9.631662980703370458e-01
1.055778442115561599e+00
9.075990116432046673e-01
7.408971523617976507e-01
1.361398517464803337e+00
1.278047587824104658e+00
1.305831231037668516e+00
1.074300870924606688e+00
1.129868157351744618e+00
8.057256531934550159e-01
9.446438692612920685e-01
1.611451306386914251e+00
1.083562085329129232e+00
2.074512026613033466e+00
1.435488232700983025e+00
1.398443375082893292e+00
1.546622805555261104e+00
1.370659731869325659e+00
9.631662980703370458e-01
1.009472370092949323e+00
1.111345728542696643e+00
1.333614874251235705e+00
1.305831231037668516e+00
8.890765828341622434e-01
1.241002730206010929e+00
1.555884019959775433e+00
1.379920946273848203e+00
2.185646599467303108e+00
2.000422311376854001e+00
1.602190091982396369e+00
2.444960602793932569e+00
3.695224547404466264e+00
3.361820828841656894e+00
3.361820828841656894e+00
4.102717981203454656e+00
7.381187880404451285e+00
1.113197971423601196e+01
1.667018592814044808e+01
6.668074371256147437e-01
4.352770770125540811e-01
5.093667922487337130e-01
5.927177218894352784e-01
6.482850083165697663e-01
6.668074371256151878e-01
3.148812897537622280e-01
6.390237939120477773e-01
7.872032243844067079e-01
1.166913014969825024e+00
9.261214404522432053e-01
8.427705108115415289e-01
1.518839162341676818e+00
1.166913014969825024e+00
9.909499412839017918e-01
7.594195811708384092e-01
8.149868675979730082e-01
1.574406448768815858e+00
1.259525159015048912e+00
1.379920946273840654e+00
1.500316733532636171e+00
8.705541540251073851e-01
8.520317252160627408e-01
1.676279807218562734e+00
2.055989597803977276e+00
1.815198023286394235e+00
1.120606942947212747e+00
1.129868157351735292e+00
1.768891951263791729e+00
1.667018592814035749e+00
1.315092445442183511e+00
1.518839162341676818e+00
1.555884019959766551e+00
1.203957872587914535e+00
1.602190091982378606e+00
8.149868675979775601e-01
1.231741515801481945e+00
1.305831231037661189e+00
1.704063450432125482e+00
2.194907813871813662e+00
1.944855024949708078e+00
1.898548952927106459e+00
2.417176959580351614e+00
3.584089974550176194e+00
2.917282537424562339e+00
3.852665192281326423e+00
5.741952930803900124e+00
8.325831749665702830e+00
1.210440722671080316e+01
2.600549004789895591e+01
1.852242880904485522e-01
4.908443634396886801e-01
5.741952930803906341e-01
1.083562085329123681e+00
1.046517227711033948e+00
9.909499412839002375e-01
1.000211155688421449e+00
8.798153684296310395e-01
1.565145234364291094e+00
1.528100376746199140e+00
1.481794304723589084e+00
8.427705108115415289e-01
1.463271875914542441e+00
2.398654530771306526e+00
1.685541021623085278e+00
1.148390586160780158e+00
1.518839162341676818e+00
2.370870887557746443e+00
1.972638668163275488e+00
1.546622805555244007e+00
2.491266674816537297e+00
1.667018592814035749e+00
1.574406448768811417e+00
1.694802236027607822e+00
2.185646599467291118e+00
1.472533090319064764e+00
1.963377453758752944e+00
1.759630736859259637e+00
1.694802236027612263e+00
1.768891951263782181e+00
2.037467168994932631e+00
1.454010661510019897e+00
1.815198023286394235e+00
1.481794304723587308e+00
2.037467168994932631e+00
1.685541021623089941e+00
1.991161096972320355e+00
1.824459237690916780e+00
1.889287738522573479e+00
2.250475100298948039e+00
1.981899882567797810e+00
2.648707319693426765e+00
3.491477830504952085e+00
3.991583408349163253e+00
4.343509555721015047e+00
5.001055778442106359e+00
6.223536079839066204e+00
9.909499412839043231e+00
1.456789025831376705e+01
4.776008268412211777e+01
