0.000000000000000000e+00
4.179961265692271055e-02
5.573281687589696359e-02
6.966602109487117500e-02
5.573281687589694278e-02
6.966602109487121663e-02
2.786640843794845057e-02
5.573281687589697747e-02
9.056582742333257885e-02
4.179961265692267586e-02
4.876621476640985442e-02
5.573281687589697747e-02
9.753242953281958394e-02
7.663262320435823560e-02
1.323654400802554976e-01
9.753242953281958394e-02
1.532652464087164712e-01
6.269941898538418379e-02
6.269941898538401726e-02
1.044990316423066862e-01
8.359922531384558764e-02
1.184322358612809184e-01
9.056582742333246783e-02
1.532652464087168875e-01
7.663262320435823560e-02
1.602318485182036012e-01
9.753242953281958394e-02
1.044990316423066862e-01
7.663262320435866581e-02
1.114656337517938023e-01
5.573281687589690114e-02
6.966602109487113337e-02
4.179961265692267586e-02
1.114656337517938023e-01
1.532652464087164712e-01
7.663262320435866581e-02
1.253988379707680345e-01
6.966602109487113337e-02
1.393320421897422667e-01
9.753242953281958394e-02
4.876621476640979197e-02
7.663262320435866581e-02
1.671984506276907034e-01
8.359922531384535171e-02
9.753242953281958394e-02
1.184322358612809184e-01
4.876621476640979197e-02
6.966602109487150807e-02
5.573281687589690114e-02
3.204636970364072024e-01
2.786640843794847486e-02
2.089980632846135528e-02
7.663262320435831887e-02
2.089980632846135111e-01
1.114656337517938856e-01
9.753242953281970884e-02
1.671984506276907034e-01
9.056582742333257885e-02
1.671984506276909255e-01
1.393320421897422667e-01
1.462986442992295633e-01
2.020314611751265199e-01
2.089980632846133723e-01
3.413635033648685368e-01
3.970963202407665205e-01
3.413635033648685368e-01
3.413635033648685368e-01
2.995638907079467006e-01
3.343969012553814069e-01
3.065304928174329424e-01
2.925972885984595706e-01
3.413635033648685368e-01
3.413635033648685368e-01
3.413635033648694805e-01
1.532652464087164712e-01
1.880982569561520379e-01
2.786640843794845335e-01
2.856306864889716080e-01
2.507976759415374568e-01
2.716974822699974035e-01
2.716974822699974035e-01
2.925972885984587379e-01
2.507976759415360690e-01
3.552967075838427413e-01
2.368644717225618368e-01
2.229312675035888536e-01
2.298978696130747068e-01
4.179961265692267447e-01
3.901297181312783358e-01
4.179961265692267447e-01
3.065304928174329424e-01
2.647308801605117168e-01
3.970963202407654657e-01
4.249627286787138192e-01
3.065304928174329424e-01
4.388959328976880792e-01
3.413635033648685368e-01
3.274302991458961087e-01
3.204636970364072024e-01
6.409273940728144048e-01
0.000000000000000000e+00
1.393320421897424090e-02
9.753242953281970884e-02
1.323654400802552478e-01
1.671984506276908422e-01
2.159646653941008076e-01
1.811316548466649634e-01
2.159646653941008076e-01
2.786640843794849220e-01
2.647308801605103290e-01
2.716974822699977921e-01
3.622633096933304264e-01
3.901297181312783913e-01
5.782279750874304014e-01
5.503615666494835468e-01
5.364283624305077325e-01
5.782279750874304014e-01
4.667623413356379314e-01
5.991277814158918469e-01
6.060943835253789214e-01
2.856306864889724961e-01
5.364283624305077325e-01
5.155285561020463980e-01
3.970963202407665760e-01
3.552967075838427968e-01
3.552967075838427968e-01
2.298978696130747623e-01
3.274302991458943324e-01
3.413635033648704797e-01
4.110295244597396702e-01
4.388959328976881347e-01
5.015953518830721380e-01
3.970963202407654657e-01
4.667623413356366546e-01
4.319293307882010602e-01
4.597957392261520226e-01
4.597957392261495246e-01
5.294617603210206580e-01
4.319293307882010602e-01
5.085619539925592125e-01
6.269941898538402558e-01
3.692299118028190552e-01
5.015953518830721380e-01
4.946287497735850081e-01
5.991277814158918469e-01
6.618272004012758503e-01
5.294617603210206580e-01
3.274302991458961642e-01
5.155285561020463980e-01
5.642947708684562524e-01
2.089980632846135181e-02
4.179961265692270361e-02
1.811316548466650744e-01
1.114656337517938578e-01
2.368644717225619478e-01
1.950648590656394177e-01
3.204636970364070914e-01
4.458625350071757643e-01
3.343969012553817954e-01
3.413635033648684813e-01
2.856306864889719410e-01
5.155285561020469531e-01
4.597957392261493581e-01
6.548605982917884427e-01
8.220590489194814499e-01
3.692299118028168903e-01
6.409273940728141827e-01
7.941926404815328189e-01
5.294617603210204360e-01
3.692299118028168903e-01
5.155285561020476193e-01
5.921611793064044393e-01
5.851945771969173649e-01
5.782279750874318447e-01
3.692299118028168903e-01
4.319293307882008937e-01
4.597957392261493581e-01
5.851945771969173649e-01
4.179961265692289651e-01
5.712613729779431049e-01
5.085619539925591015e-01
5.085619539925591015e-01
5.503615666494817704e-01
4.876621476640978226e-01
5.782279750874301794e-01
5.294617603210233225e-01
5.712613729779431049e-01
5.642947708684559194e-01
5.991277814158915138e-01
6.060943835253786993e-01
6.478939961823013682e-01
4.737289434451261716e-01
5.991277814158915138e-01
5.503615666494817704e-01
6.269941898538400338e-01
7.245266193866596316e-01
7.314932214961467061e-01
7.593596299340993339e-01
7.245266193866596316e-01
8.359922531384534894e-01
5.573281687589694278e-02
1.462986442992294522e-01
1.880982569561522044e-01
3.343969012553815734e-01
2.995638907079459790e-01
2.716974822699977365e-01
3.343969012553813513e-01
5.155285561020469531e-01
4.040629223502530398e-01
4.667623413356364881e-01
6.548605982917893309e-01
7.314932214961475943e-01
5.573281687589688449e-01
8.220590489194792294e-01
9.474578868902497897e-01
4.737289434451235626e-01
8.290256510289663039e-01
6.409273940728159591e-01
4.876621476640978226e-01
6.200275877443529593e-01
6.827270067297387390e-01
7.593596299340951150e-01
7.384598236056337806e-01
4.946287497735862293e-01
4.597957392261493581e-01
6.269941898538400338e-01
5.573281687589688449e-01
4.597957392261493581e-01
4.946287497735876171e-01
6.757604046202497772e-01
6.339607919633271083e-01
4.528291371166622281e-01
7.175600172771725571e-01
5.642947708684559194e-01
7.872260383720436350e-01
8.777918657953808212e-01
5.433949645399945849e-01
5.991277814158915138e-01
4.667623413356364881e-01
7.523930278246080405e-01
7.384598236056337806e-01
5.573281687589719535e-01
6.478939961823013682e-01
5.224951582115333615e-01
8.777918657953759363e-01
6.200275877443529593e-01
6.409273940728141827e-01
7.802594362625608904e-01
7.245266193866596316e-01
9.822908974376826086e-01
5.573281687589697747e-02
9.753242953281970884e-02
2.298978696130750676e-01
4.528291371166628942e-01
5.085619539925598787e-01
5.085619539925601007e-01
5.085619539925595456e-01
5.155285561020472862e-01
6.339607919633283295e-01
6.200275877443532924e-01
8.220590489194807837e-01
8.777918657953778236e-01
6.548605982917889978e-01
6.618272004012760723e-01
9.265580805617890103e-01
5.851945771969176979e-01
6.200275877443532924e-01
5.573281687589708433e-01
9.265580805617864568e-01
7.523930278246084846e-01
7.732928341530719285e-01
7.175600172771730012e-01
7.593596299340956701e-01
5.015953518830738034e-01
5.294617603210207690e-01
4.806955455546110256e-01
5.573281687589692890e-01
6.896936088392244812e-01
5.642947708684595831e-01
6.687938025107631468e-01
7.105934151676858157e-01
6.060943835253790324e-01
9.265580805617864568e-01
6.478939961823019233e-01
8.220590489194796735e-01
6.896936088392283670e-01
7.384598236056342246e-01
7.872260383720440791e-01
6.687938025107631468e-01
7.245266193866600757e-01
8.081258447005054135e-01
5.503615666494852121e-01
6.757604046202502213e-01
8.011592425910183390e-01
5.921611793064048834e-01
8.290256510289668590e-01
6.827270067297374068e-01
9.962241016566631968e-01
8.081258447005054135e-01
9.822908974376833857e-01
6.269941898538400338e-02
1.393320421897422667e-01
2.298978696130747623e-01
2.438310738320488835e-01
6.339607919633271083e-01
5.294617603210208800e-01
7.105934151676848165e-01
6.130609856348663289e-01
7.593596299340956701e-01
7.454264257151204109e-01
1.072856724861015909e+00
1.044990316423067389e+00
6.687938025107621476e-01
9.474578868902463480e-01
9.822908974376847180e-01
9.195914784522980501e-01
8.429588552479398977e-01
6.618272004012769605e-01
8.499254573574270832e-01
9.544244889997335335e-01
9.265580805617877891e-01
1.170389154393833842e+00
7.593596299340946709e-01
5.503615666494829917e-01
6.339607919633267752e-01
5.851945771969169208e-01
6.339607919633267752e-01
7.523930278246074854e-01
5.642947708684586949e-01
6.339607919633267752e-01
7.105934151676848165e-01
6.478939961823008131e-01
7.802594362625560054e-01
7.454264257151204109e-01
6.757604046202493331e-01
8.359922531384573752e-01
7.802594362625560054e-01
8.777918657953754922e-01
6.200275877443525152e-01
5.015953518830716940e-01
6.896936088392235931e-01
7.454264257151246298e-01
5.991277814158911807e-01
6.687938025107621476e-01
5.085619539925587684e-01
7.175600172771718910e-01
5.712613729779426608e-01
9.544244889997388626e-01
8.708252636858884177e-01
1.274888186036140514e+00
6.966602109487122184e-03
2.020314611751265199e-01
2.089980632846136777e-01
2.368644717225621144e-01
5.224951582115340276e-01
6.618272004012769605e-01
6.548605982917889978e-01
1.024090510094607387e+00
8.359922531384550437e-01
1.010157305875631906e+00
1.191288960722298507e+00
1.072856724861017241e+00
9.753242953281963112e-01
1.128589541736912727e+00
1.017123907985121756e+00
8.220590489194796735e-01
1.323654400802552145e+00
1.010157305875634570e+00
1.107689735408451392e+00
9.126248763428121968e-01
9.474578868902504558e-01
9.056582742333251224e-01
9.474578868902477913e-01
6.618272004012778487e-01
8.359922531384539335e-01
6.548605982917889978e-01
5.642947708684563635e-01
6.687938025107631468e-01
6.269941898538438085e-01
6.200275877443532924e-01
7.245266193866600757e-01
8.499254573574281935e-01
9.892574995471705712e-01
8.847584679048635659e-01
8.220590489194796735e-01
9.265580805617916749e-01
6.548605982917889978e-01
7.454264257151214101e-01
6.757604046202502213e-01
7.663262320435827446e-01
8.917250700143508624e-01
9.822908974376888258e-01
8.986916721238380479e-01
7.663262320435827446e-01
7.314932214961471502e-01
6.966602109487116667e-01
8.638586615764024534e-01
7.872260383720485200e-01
1.038023714313580204e+00
1.156455950174861247e+00
6.966602109487121663e-02
1.323654400802553033e-01
2.577642780510235321e-01
2.647308801605106066e-01
5.085619539925598787e-01
7.314932214961482604e-01
1.163422552284348432e+00
7.523930278246095948e-01
9.822908974376847180e-01
1.365454013459474814e+00
1.330621002912041106e+00
1.121622939627427318e+00
9.822908974376833857e-01
1.079823326970502873e+00
8.499254573574304139e-01
1.038023714313580204e+00
1.031057112204093018e+00
1.281854788145633028e+00
1.316687798693064959e+00
1.170389154393835396e+00
9.195914784523019359e-01
9.474578868902477913e-01
1.163422552284348432e+00
1.010157305875634570e+00
7.314932214961471502e-01
6.896936088392244812e-01
4.597957392261496912e-01
6.757604046202502213e-01
8.081258447005099654e-01
7.245266193866600757e-01
7.523930278246084846e-01
9.822908974376833857e-01
1.079823326970502873e+00
1.038023714313580204e+00
8.568920594669152679e-01
9.335246826712787493e-01
6.896936088392244812e-01
8.777918657953766024e-01
7.663262320435827446e-01
9.056582742333251224e-01
9.822908974376833857e-01
8.359922531384584854e-01
6.618272004012760723e-01
1.031057112204093018e+00
9.195914784522993823e-01
7.454264257151214101e-01
9.056582742333251224e-01
1.121622939627431759e+00
1.072856724861015909e+00
1.421186830335371631e+00
4.876621476640979197e-02
2.089980632846133723e-01
3.343969012553814069e-01
2.647308801605102180e-01
3.761965139123040203e-01
6.827270067297372957e-01
9.753242953281948679e-01
8.359922531384539335e-01
1.017123907985119091e+00
1.462986442992292302e+00
1.456019840882807337e+00
9.962241016566576457e-01
1.079823326970501540e+00
9.126248763428109756e-01
1.017123907985120201e+00
1.107689735408449838e+00
1.142522745955885322e+00
1.616251689401013270e+00
1.372420615568960001e+00
1.233088573379217845e+00
1.142522745955888652e+00
1.093756531189475689e+00
1.281854788145627699e+00
9.195914784523006036e-01
6.618272004012750731e-01
5.224951582115330284e-01
6.409273940728138497e-01
1.100723133298962875e+00
8.638586615764060062e-01
1.079823326970501540e+00
1.079823326970501540e+00
8.568920594669141577e-01
1.219155369160243696e+00
1.240055175488705030e+00
1.233088573379217845e+00
1.128589541736917390e+00
9.056582742333237901e-01
7.802594362625560054e-01
7.454264257151204109e-01
8.290256510289656378e-01
6.269941898538395897e-01
7.872260383720472987e-01
7.872260383720429688e-01
1.135556143846398358e+00
1.024090510094604722e+00
1.128589541736911395e+00
1.038023714313578871e+00
9.892574995471745680e-01
1.044990316423066057e+00
1.072856724861014355e+00
4.876621476640985442e-02
2.925972885984591265e-01
2.995638907079462565e-01
3.552967075838431854e-01
3.970963202407658543e-01
8.290256510289679692e-01
1.163422552284348432e+00
9.335246826712748636e-01
1.170389154393837172e+00
1.107689735408451392e+00
1.804349946357165724e+00
9.335246826712748636e-01
1.518719259868191340e+00
9.962241016566576457e-01
9.962241016566604213e-01
1.142522745955887098e+00
9.822908974376833857e-01
1.685917710495886679e+00
1.428153432444858817e+00
1.247021777598193548e+00
1.156455950174864578e+00
1.302754594474090810e+00
1.372420615568961999e+00
9.753242953281988648e-01
8.150924468099925990e-01
5.991277814158919579e-01
6.409273940728147378e-01
9.195914784522993823e-01
9.892574995471760113e-01
8.638586615764024534e-01
1.017123907985119091e+00
9.753242953281963112e-01
1.198255562831783916e+00
1.260954981817167919e+00
8.777918657953766024e-01
1.051956918532560348e+00
6.060943835253790324e-01
8.290256510289668590e-01
8.986916721238380479e-01
7.384598236056342246e-01
8.150924468099925990e-01
8.986916721238430439e-01
7.523930278246084846e-01
8.568920594669152679e-01
9.962241016566576457e-01
6.757604046202502213e-01
1.100723133298964207e+00
1.107689735408457610e+00
7.872260383720440791e-01
1.421186830335371631e+00
5.573281687589697747e-02
1.532652464087166655e-01
4.667623413356372652e-01
3.831631160217915943e-01
5.224951582115340276e-01
8.986916721238392691e-01
9.613910911092220513e-01
1.072856724861017241e+00
8.220590489194807837e-01
1.546585668306139638e+00
1.260954981817169696e+00
1.135556143846401467e+00
1.191288960722296730e+00
9.962241016566576457e-01
1.017123907985121756e+00
1.128589541736912727e+00
1.358487411349987628e+00
1.874015967452039577e+00
1.386353819787936148e+00
1.191288960722296730e+00
1.142522745955889985e+00
1.198255562831783916e+00
1.456019840882807337e+00
9.265580805617890103e-01
1.121622939627425541e+00
9.335246826712736423e-01
7.941926404815312646e-01
1.365454013459474814e+00
1.024090510094611828e+00
9.753242953281963112e-01
1.253988379707680734e+00
1.184322358612809767e+00
1.128589541736912727e+00
1.386353819787936148e+00
6.966602109487116667e-01
1.058923520642047533e+00
8.708252636858895279e-01
8.081258447005054135e-01
5.642947708684563635e-01
6.687938025107631468e-01
9.265580805617864568e-01
1.010157305875637457e+00
9.195914784522993823e-01
1.198255562831783916e+00
1.198255562831783916e+00
6.757604046202502213e-01
8.011592425910183390e-01
1.086789929079996053e+00
8.081258447005054135e-01
1.281854788145629476e+00
4.876621476640979197e-02
2.716974822699974035e-01
3.552967075838427968e-01
4.876621476640977670e-01
6.687938025107627027e-01
8.499254573574281935e-01
1.260954981817166365e+00
1.240055175488706807e+00
1.219155369160245472e+00
1.783450140028699060e+00
1.692884312605369201e+00
1.288821390255116217e+00
1.421186830335369633e+00
1.212188767050756510e+00
1.163422552284349987e+00
1.121622939627424209e+00
1.581418678853573123e+00
1.943681988546908102e+00
1.407253626116395484e+00
1.114656337517937024e+00
1.205222164941272878e+00
1.553552270415624825e+00
1.407253626116395484e+00
1.163422552284349987e+00
1.128589541736911395e+00
8.986916721238367156e-01
8.777918657953754922e-01
1.156455950174859693e+00
8.499254573574317462e-01
8.986916721238367156e-01
9.404912847807592735e-01
1.044990316423066057e+00
8.429588552479398977e-01
1.170389154393833842e+00
1.031057112204091686e+00
1.038023714313584644e+00
6.618272004012750731e-01
8.638586615764012322e-01
6.200275877443525152e-01
7.523930278246074854e-01
1.086789929079988504e+00
9.822908974376874935e-01
1.107689735408449838e+00
1.114656337517937024e+00
1.051956918532553242e+00
9.404912847807592735e-01
8.290256510289656378e-01
1.017123907985123310e+00
1.191288960722295176e+00
1.149489348065372507e+00
2.089980632846133446e-02
2.159646653941004746e-01
2.995638907079459234e-01
5.642947708684559194e-01
6.687938025107627027e-01
6.827270067297372957e-01
1.024090510094604722e+00
1.031057112204093240e+00
1.442086636663833188e+00
1.330621002912037332e+00
1.400287024006910297e+00
1.267921583926655327e+00
1.219155369160243696e+00
1.511752657758702156e+00
1.267921583926657103e+00
1.442086636663830967e+00
1.442086636663830967e+00
1.602318485182038899e+00
1.553552270415624825e+00
1.358487411349985630e+00
1.351520809240502441e+00
1.462986442992292302e+00
1.497819453539728007e+00
1.553552270415629044e+00
8.290256510289656378e-01
1.058923520642040206e+00
1.051956918532553242e+00
1.163422552284346656e+00
1.149489348065378946e+00
1.065890122751527391e+00
1.177355756503321027e+00
9.822908974376819424e-01
1.010157305875630351e+00
1.072856724861014355e+00
9.962241016566562024e-01
9.404912847807646026e-01
9.126248763428109756e-01
1.065890122751527391e+00
1.191288960722295176e+00
1.024090510094604722e+00
9.613910911092206080e-01
1.051956918532559015e+00
8.568920594669141577e-01
1.051956918532553242e+00
9.056582742333237901e-01
7.593596299340946709e-01
7.941926404815300433e-01
1.058923520642046201e+00
1.142522745955885322e+00
1.058923520642040206e+00
2.089980632846139344e-02
1.253988379707683676e-01
3.622633096933309260e-01
5.921611793064061047e-01
7.732928341530714844e-01
9.822908974376861613e-01
9.126248763428135291e-01
9.613910911092246048e-01
1.330621002912042883e+00
1.456019840882809335e+00
1.267921583926658435e+00
1.483886249320759854e+00
1.762550333700242611e+00
1.483886249320757855e+00
1.191288960722301837e+00
1.692884312605371866e+00
1.546585668306142081e+00
1.706817516824350678e+00
1.435120034554348001e+00
1.748617129481268462e+00
1.435120034554351998e+00
1.386353819787937924e+00
1.400287024006912073e+00
1.184322358612814652e+00
1.051956918532556129e+00
1.107689735408452947e+00
1.267921583926656659e+00
1.288821390255118438e+00
1.191288960722305168e+00
1.219155369160247027e+00
1.393320421897425110e+00
1.010157305875633238e+00
1.219155369160247027e+00
1.079823326970504649e+00
1.267921583926656659e+00
8.359922531384595956e-01
9.822908974376847180e-01
1.281854788145631252e+00
1.191288960722298507e+00
1.170389154393837172e+00
1.121622939627427318e+00
9.474578868902543416e-01
1.121622939627427318e+00
1.051956918532556129e+00
9.753242953281976435e-01
8.290256510289679692e-01
1.212188767050759841e+00
1.358487411349997176e+00
1.163422552284350209e+00
1.121622939627427318e+00
4.876621476640979197e-02
9.753242953281958394e-02
2.089980632846134001e-01
4.040629223502523737e-01
7.245266193866595206e-01
9.056582742333251224e-01
8.290256510289656378e-01
1.079823326970502873e+00
1.212188767050758287e+00
1.337587605021524295e+00
1.435120034554346002e+00
1.490852851430242820e+00
1.950648590656389736e+00
1.330621002912037332e+00
1.128589541736914281e+00
1.867049365342544176e+00
1.741650527371776835e+00
1.985481601203830770e+00
1.818283150576134766e+00
2.055147622298696408e+00
1.428153432444860815e+00
1.456019840882805116e+00
1.393320421897421335e+00
1.191288960722298507e+00
9.822908974376819424e-01
1.038023714313578871e+00
1.490852851430240822e+00
1.226121971269730881e+00
1.456019840882813332e+00
1.058923520642040206e+00
1.407253626116395484e+00
1.365454013459472815e+00
1.128589541736911395e+00
8.708252636858884177e-01
9.892574995471691279e-01
9.126248763428160826e-01
7.802594362625560054e-01
1.024090510094604722e+00
1.149489348065372507e+00
1.177355756503321027e+00
1.072856724861014355e+00
1.107689735408456055e+00
8.290256510289656378e-01
1.079823326970501540e+00
1.149489348065372507e+00
9.474578868902463480e-01
1.156455950174859693e+00
1.163422552284353317e+00
1.121622939627424209e+00
1.219155369160243696e+00
4.179961265692266892e-02
6.966602109487113337e-02
2.368644717225618368e-01
4.110295244597395037e-01
7.384598236056337806e-01
8.777918657953766024e-01
9.265580805617851246e-01
1.156455950174861247e+00
9.474578868902476803e-01
1.462986442992292302e+00
1.469953045101781486e+00
1.720750721043317721e+00
1.804349946357160617e+00
1.978514999094338256e+00
1.240055175488708361e+00
1.532652464087163491e+00
1.658051302057931276e+00
1.936715386437420916e+00
1.804349946357160617e+00
1.511752657758702156e+00
1.428153432444860815e+00
1.462986442992292302e+00
1.518719259868189342e+00
1.253988379707682732e+00
1.114656337517937024e+00
1.065890122751527391e+00
1.421186830335369633e+00
1.483886249320753636e+00
1.365454013459480365e+00
1.198255562831782361e+00
1.114656337517937024e+00
1.247021777598192216e+00
1.038023714313578871e+00
8.568920594669141577e-01
8.568920594669141577e-01
1.086789929079994499e+00
9.683576932187076824e-01
1.358487411349985630e+00
1.038023714313578871e+00
1.302754594474088812e+00
1.024090510094604722e+00
1.372420615568967550e+00
1.539619066196650676e+00
1.114656337517937024e+00
8.220590489194785633e-01
9.962241016566562024e-01
1.365454013459472815e+00
1.233088573379224728e+00
1.247021777598192216e+00
1.435120034554343782e+00
4.179961265692278688e-02
2.089980632846139344e-02
2.089980632846139552e-01
6.200275877443546246e-01
6.896936088392259245e-01
7.732928341530721505e-01
1.114656337517940132e+00
1.044990316423070498e+00
1.302754594474094363e+00
1.518719259868193117e+00
1.539619066196656894e+00
1.713784118933835421e+00
1.400287024006912073e+00
1.671984506276910087e+00
1.386353819787941921e+00
1.414220228225886666e+00
1.581418678853577564e+00
1.692884312605376307e+00
1.853116161123575578e+00
1.630184893619987418e+00
1.553552270415633263e+00
1.497819453539731782e+00
1.449053238773322150e+00
1.351520809240505994e+00
1.135556143846401467e+00
1.149489348065375838e+00
1.260954981817169696e+00
1.518719259868193117e+00
1.295787992364612728e+00
9.195914784523006036e-01
1.379387217678450739e+00
8.777918657953778236e-01
9.962241016566589780e-01
7.941926404815323748e-01
9.195914784523006036e-01
1.003190703766151826e+00
1.149489348065375838e+00
1.372420615568963775e+00
1.170389154393837172e+00
1.177355756503324358e+00
6.687938025107640350e-01
1.024090510094613160e+00
1.637151495729474604e+00
1.107689735408452947e+00
1.031057112204094572e+00
1.031057112204094572e+00
1.407253626116399259e+00
1.247021777598202430e+00
1.462986442992296521e+00
1.198255562831785692e+00
6.966602109487113337e-02
1.602318485182036012e-01
3.831631160217912613e-01
5.573281687589688449e-01
6.060943835253786993e-01
7.732928341530698191e-01
8.150924468099914888e-01
9.892574995471705712e-01
1.031057112204093240e+00
1.288821390255114441e+00
1.490852851430242820e+00
1.511752657758704155e+00
1.086789929079988504e+00
1.511752657758702156e+00
1.351520809240502441e+00
1.316687798693062961e+00
1.442086636663830967e+00
1.630184893619987418e+00
1.678951108386392610e+00
1.776483537919212097e+00
1.832216354795114244e+00
1.818283150576134766e+00
1.658051302057931276e+00
1.421186830335373630e+00
1.386353819787934150e+00
1.107689735408449838e+00
1.518719259868189342e+00
1.393320421897421335e+00
1.253988379707686285e+00
1.024090510094604722e+00
1.038023714313578871e+00
1.170389154393833842e+00
1.114656337517937024e+00
1.024090510094604722e+00
9.126248763428109756e-01
1.128589541736917390e+00
1.692884312605366981e+00
1.379387217678447186e+00
1.170389154393833842e+00
1.100723133298962875e+00
7.732928341530689309e-01
1.107689735408456055e+00
1.128589541736911395e+00
9.265580805617851246e-01
1.184322358612807990e+00
1.191288960722295176e+00
1.665017904167418461e+00
1.644118097838966230e+00
1.595351883072547272e+00
1.107689735408449838e+00
3.483301054743556668e-02
2.995638907079458679e-01
4.040629223502525402e-01
5.155285561020461760e-01
6.409273940728142938e-01
6.757604046202502213e-01
4.946287497735845640e-01
8.847584679048637879e-01
1.114656337517938578e+00
1.337587605021524295e+00
1.274888186036142512e+00
1.658051302057933718e+00
1.135556143846398358e+00
1.365454013459472815e+00
1.274888186036144289e+00
1.825249752685621951e+00
1.790416742138186246e+00
1.428153432444860815e+00
1.992448203313312405e+00
1.720750721043315501e+00
1.483886249320757855e+00
1.811316548466647580e+00
1.811316548466647580e+00
1.337587605021528070e+00
1.372420615568960001e+00
1.107689735408449838e+00
1.456019840882805116e+00
1.316687798693062961e+00
1.191288960722301837e+00
8.708252636858884177e-01
1.212188767050756510e+00
1.198255562831782361e+00
1.086789929079988504e+00
9.962241016566562024e-01
1.100723133298962875e+00
1.198255562831789023e+00
1.267921583926653550e+00
1.595351883072547272e+00
1.532652464087163491e+00
1.219155369160243696e+00
9.474578868902463480e-01
1.107689735408456055e+00
1.267921583926653550e+00
1.044990316423066057e+00
1.135556143846398358e+00
1.128589541736911395e+00
1.497819453539728007e+00
1.421186830335377627e+00
1.539619066196650676e+00
1.149489348065372507e+00
7.663262320435844377e-02
6.966602109487131378e-02
3.343969012553824061e-01
4.737289434451248948e-01
6.757604046202516646e-01
9.195914784523019359e-01
7.314932214961482604e-01
1.114656337517941687e+00
1.240055175488710137e+00
1.323654400802553921e+00
1.281854788145633028e+00
1.602318485182041119e+00
1.323654400802553921e+00
1.511752657758706153e+00
1.414220228225890663e+00
1.511752657758706153e+00
1.295787992364605623e+00
1.678951108386402158e+00
2.208412868707418486e+00
1.567485474634603415e+00
1.386353819787941921e+00
1.476919647211270892e+00
1.950648590656395287e+00
1.860082763233067871e+00
1.449053238773322150e+00
1.149489348065375838e+00
1.051956918532556129e+00
1.142522745955888874e+00
1.253988379707689393e+00
1.149489348065375838e+00
1.295787992364605623e+00
1.546585668306142081e+00
1.135556143846401467e+00
8.081258447005066348e-01
1.184322358612811543e+00
9.822908974376902691e-01
1.407253626116399259e+00
1.316687798693066735e+00
1.267921583926656659e+00
9.892574995471717925e-01
1.079823326970504649e+00
9.474578868902543416e-01
9.056582742333262326e-01
1.058923520642043092e+00
1.351520809240502441e+00
1.539619066196654451e+00
1.435120034554348001e+00
1.372420615568971325e+00
1.372420615568963775e+00
1.100723133298965761e+00
2.786640843794845057e-02
1.880982569561520379e-01
3.761965139123041868e-01
4.946287497735848415e-01
6.130609856348657738e-01
9.822908974376833857e-01
9.056582742333237901e-01
1.344554207131013257e+00
1.205222164941271101e+00
1.400287024006908521e+00
1.483886249320755635e+00
1.727717323152804907e+00
1.309721196583575997e+00
1.247021777598192216e+00
1.804349946357165724e+00
1.469953045101779487e+00
1.665017904167418461e+00
1.985481601203830770e+00
1.755583731590750984e+00
1.414220228225882448e+00
1.379387217678450739e+00
1.713784118933828315e+00
1.658051302057931276e+00
1.553552270415629044e+00
1.086789929079988504e+00
1.051956918532553242e+00
1.121622939627424209e+00
8.290256510289656378e-01
1.344554207131019030e+00
1.407253626116395484e+00
1.456019840882805116e+00
2.013348009641773739e+00
1.706817516824341130e+00
1.198255562831782361e+00
1.281854788145627699e+00
8.917250700143546371e-01
1.456019840882805116e+00
1.170389154393833842e+00
8.568920594669141577e-01
7.941926404815300433e-01
1.024090510094604722e+00
1.135556143846404575e+00
8.708252636858884177e-01
9.335246826712720880e-01
1.058923520642040206e+00
1.365454013459472815e+00
9.683576932187076824e-01
1.713784118933837641e+00
1.637151495729469941e+00
1.302754594474088812e+00
3.483301054743556668e-02
1.462986442992293690e-01
3.134970949269201279e-01
5.433949645399945849e-01
7.454264257151208550e-01
1.003190703766144720e+00
7.175600172771718910e-01
1.114656337517938578e+00
1.267921583926655327e+00
1.344554207131011481e+00
1.462986442992294300e+00
1.692884312605369201e+00
1.233088573379217845e+00
1.198255562831782361e+00
1.386353819787937924e+00
1.462986442992292302e+00
1.901882375889979881e+00
1.985481601203830770e+00
1.671984506276905647e+00
1.421186830335369633e+00
1.198255562831785692e+00
1.260954981817166365e+00
1.839182956904596100e+00
1.734683925262294091e+00
1.072856724861014355e+00
1.051956918532553242e+00
1.379387217678447186e+00
1.121622939627424209e+00
1.644118097838966230e+00
1.233088573379217845e+00
1.163422552284346656e+00
1.407253626116395484e+00
1.344554207131011481e+00
1.240055175488705030e+00
9.683576932187076824e-01
7.105934151676888133e-01
1.281854788145627699e+00
1.044990316423066057e+00
9.126248763428109756e-01
9.613910911092206080e-01
7.732928341530689309e-01
1.323654400802557474e+00
9.126248763428109756e-01
1.024090510094604722e+00
1.205222164941269325e+00
1.274888186036140514e+00
1.372420615568960001e+00
1.887949171671016391e+00
1.567485474634599196e+00
1.316687798693062961e+00
8.359922531384557376e-02
1.323654400802554976e-01
4.458625350071764859e-01
5.085619539925605448e-01
5.991277814158932902e-01
8.011592425910205595e-01
9.126248763428135291e-01
8.220590489194820050e-01
1.393320421897426886e+00
1.149489348065375838e+00
1.623218291510502453e+00
1.671984506276912308e+00
8.986916721238391581e-01
1.595351883072551713e+00
1.609285087291530525e+00
1.720750721043319942e+00
1.233088573379221176e+00
1.950648590656400616e+00
1.567485474634603415e+00
1.658051302057935938e+00
1.295787992364609176e+00
1.100723133298965761e+00
1.685917710495884680e+00
1.553552270415633263e+00
1.400287024006912073e+00
1.128589541736914281e+00
1.379387217678450739e+00
1.330621002912040884e+00
1.456019840882817329e+00
1.010157305875633238e+00
1.114656337517940132e+00
9.056582742333262326e-01
9.683576932187104580e-01
1.114656337517940132e+00
9.056582742333262326e-01
9.404912847807671561e-01
9.683576932187104580e-01
1.177355756503324358e+00
7.732928341530710403e-01
1.044990316423068943e+00
7.384598236056354459e-01
8.568920594669212631e-01
7.872260383720451893e-01
9.683576932187104580e-01
1.170389154393837172e+00
1.469953045101783706e+00
1.365454013459476590e+00
1.908848977999482832e+00
1.985481601203830770e+00
1.414220228225886666e+00
8.359922531384533784e-02
9.056582742333246783e-02
6.200275877443531813e-01
6.687938025107627027e-01
8.150924468099919329e-01
1.093756531189477244e+00
9.544244889997335335e-01
6.966602109487115557e-01
1.435120034554346002e+00
1.407253626116395484e+00
1.630184893619985198e+00
1.302754594474090588e+00
1.024090510094604722e+00
1.372420615568960001e+00
1.651084699948448753e+00
1.449053238773318153e+00
1.163422552284346656e+00
1.539619066196654895e+00
1.790416742138186246e+00
1.790416742138186246e+00
9.404912847807618270e-01
1.142522745955885322e+00
1.769516935809724911e+00
2.069080826517676552e+00
1.428153432444856819e+00
1.316687798693062961e+00
1.379387217678447186e+00
1.456019840882805116e+00
1.720750721043324827e+00
1.198255562831782361e+00
1.100723133298962875e+00
1.100723133298962875e+00
1.051956918532553242e+00
7.593596299340946709e-01
1.288821390255114441e+00
1.135556143846404575e+00
1.163422552284346656e+00
1.079823326970501540e+00
1.058923520642040206e+00
1.031057112204091686e+00
8.777918657953754922e-01
7.454264257151246298e-01
9.056582742333237901e-01
8.150924468099914888e-01
9.753242953281948679e-01
1.658051302057931276e+00
1.372420615568960001e+00
1.706817516824350678e+00
2.048181020189209445e+00
1.874015967452031362e+00
9.753242953281958394e-02
1.950648590656391679e-01
6.478939961823014793e-01
4.737289434451235071e-01
7.384598236056337806e-01
8.290256510289668590e-01
9.404912847807592735e-01
7.872260383720440791e-01
1.247021777598193992e+00
1.205222164941269325e+00
1.421186830335371631e+00
1.316687798693064737e+00
8.011592425910172288e-01
1.379387217678447186e+00
1.734683925262294091e+00
1.560518872525112011e+00
9.265580805617851246e-01
1.595351883072551713e+00
2.034247815970235074e+00
1.414220228225882448e+00
1.170389154393837172e+00
1.372420615568960001e+00
1.476919647211266673e+00
1.804349946357165724e+00
1.163422552284346656e+00
1.219155369160243696e+00
1.226121971269730881e+00
1.086789929079988504e+00
1.295787992364608732e+00
9.613910911092206080e-01
1.038023714313578871e+00
1.281854788145627699e+00
1.100723133298962875e+00
8.499254573574270832e-01
1.100723133298962875e+00
1.065890122751533164e+00
1.288821390255114441e+00
1.302754594474088812e+00
1.302754594474088812e+00
1.177355756503321027e+00
9.404912847807592735e-01
9.126248763428160826e-01
1.100723133298962875e+00
8.150924468099914888e-01
1.295787992364601626e+00
1.929748784327928401e+00
1.811316548466647580e+00
1.671984506276914750e+00
1.957615192765876699e+00
1.532652464087163491e+00
3.483301054743556668e-02
3.622633096933298713e-01
5.364283624305077325e-01
5.851945771969173649e-01
8.986916721238373817e-01
9.613910911092219402e-01
1.003190703766143388e+00
1.212188767050758287e+00
1.184322358612809767e+00
1.288821390255114441e+00
1.323654400802551923e+00
1.086789929079990058e+00
1.051956918532553242e+00
1.414220228225882448e+00
1.769516935809730018e+00
1.372420615568960001e+00
1.476919647211266673e+00
1.407253626116399481e+00
1.929748784327928401e+00
1.191288960722295176e+00
1.044990316423068943e+00
1.184322358612807990e+00
1.274888186036140514e+00
1.483886249320757855e+00
1.219155369160243696e+00
1.295787992364601626e+00
1.302754594474088812e+00
1.205222164941269325e+00
1.086789929079994499e+00
1.079823326970501540e+00
9.056582742333237901e-01
1.372420615568960001e+00
1.128589541736911395e+00
1.044990316423066057e+00
1.121622939627424209e+00
9.892574995471745680e-01
8.568920594669141577e-01
1.051956918532553242e+00
1.149489348065372507e+00
1.247021777598192216e+00
1.093756531189475689e+00
1.309721196583583103e+00
9.613910911092206080e-01
1.010157305875630351e+00
1.449053238773318153e+00
1.706817516824341130e+00
2.083014030736645150e+00
1.992448203313323507e+00
1.846149559014083286e+00
1.769516935809724911e+00
7.663262320435824948e-02
3.831631160217912058e-01
6.060943835253789214e-01
6.130609856348657738e-01
8.568920594669146018e-01
1.233088573379219621e+00
7.105934151676848165e-01
9.683576932187092368e-01
1.240055175488706807e+00
1.393320421897421335e+00
1.044990316423067389e+00
1.616251689401010827e+00
8.708252636858884177e-01
1.651084699948444312e+00
1.525685861977680524e+00
1.518719259868189342e+00
1.149489348065372507e+00
1.588385280963064750e+00
1.685917710495879795e+00
1.393320421897421335e+00
1.170389154393837172e+00
1.351520809240498666e+00
1.205222164941269325e+00
1.685917710495884458e+00
1.295787992364601626e+00
1.240055175488705030e+00
1.490852851430240822e+00
8.359922531384528233e-01
1.372420615568967550e+00
1.163422552284346656e+00
9.892574995471691279e-01
1.079823326970501540e+00
8.290256510289656378e-01
1.058923520642040206e+00
1.114656337517937024e+00
7.663262320435859642e-01
1.205222164941269325e+00
1.017123907985117537e+00
8.499254573574270832e-01
8.708252636858884177e-01
9.753242953281948679e-01
1.107689735408456055e+00
1.038023714313578871e+00
1.344554207131011481e+00
1.205222164941269325e+00
1.755583731590750984e+00
1.741650527371776835e+00
1.783450140028709274e+00
2.117847041284080412e+00
1.720750721043315501e+00
4.179961265692291178e-02
3.343969012553832942e-01
5.364283624305106191e-01
5.364283624305105080e-01
7.872260383720479648e-01
1.017123907985124420e+00
3.970963202407672421e-01
1.121622939627431759e+00
1.386353819787943920e+00
1.539619066196659114e+00
1.442086636663841182e+00
1.351520809240507992e+00
1.003190703766148939e+00
1.748617129481273347e+00
1.058923520642049088e+00
1.483886249320761852e+00
1.205222164941275986e+00
1.685917710495893784e+00
2.041214418079733584e+00
1.184322358612814652e+00
1.079823326970510644e+00
1.330621002912044437e+00
1.462986442992300518e+00
1.407253626116407252e+00
1.316687798693070288e+00
1.149489348065378946e+00
1.135556143846404797e+00
9.822908974376874935e-01
1.156455950174872349e+00
9.265580805617902316e-01
8.917250700143546371e-01
1.128589541736917612e+00
9.683576932187132336e-01
9.544244889997388626e-01
1.170389154393840503e+00
1.093756531189487902e+00
9.126248763428160826e-01
7.036268130582016278e-01
7.663262320435859642e-01
1.072856724861020350e+00
1.421186830335377627e+00
1.044990316423077603e+00
1.149489348065378946e+00
1.170389154393840503e+00
1.372420615568967550e+00
1.240055175488711914e+00
1.469953045101787481e+00
1.442086636663847177e+00
2.292012094021270929e+00
2.340778308787681006e+00
9.056582742333246783e-02
2.020314611751262424e-01
6.687938025107628137e-01
9.544244889997340886e-01
5.573281687589688449e-01
6.478939961823017013e-01
9.544244889997335335e-01
7.941926404815312646e-01
1.483886249320755635e+00
1.058923520642040206e+00
1.630184893619985198e+00
1.079823326970502873e+00
1.024090510094604722e+00
1.302754594474088812e+00
1.260954981817169696e+00
1.302754594474088812e+00
1.379387217678447186e+00
1.553552270415629044e+00
1.532652464087163491e+00
1.267921583926653550e+00
9.544244889997361980e-01
9.265580805617851246e-01
1.442086636663830967e+00
1.553552270415629044e+00
1.316687798693062961e+00
1.316687798693062961e+00
1.128589541736911395e+00
1.086789929079988504e+00
1.567485474634607856e+00
1.038023714313578871e+00
6.200275877443525152e-01
8.081258447005043033e-01
8.638586615764012322e-01
7.593596299340946709e-01
8.917250700143495301e-01
8.777918657953803772e-01
9.544244889997335335e-01
1.044990316423066057e+00
7.593596299340946709e-01
1.100723133298962875e+00
1.623218291510495792e+00
1.532652464087171928e+00
1.316687798693062961e+00
1.393320421897421335e+00
1.407253626116395484e+00
1.435120034554343782e+00
1.490852851430240822e+00
1.553552270415633263e+00
1.908848977999467067e+00
2.682141812152535998e+00
9.056582742333246783e-02
2.298978696130747068e-01
4.179961265692268002e-01
5.712613729779431049e-01
7.593596299340951150e-01
7.663262320435827446e-01
1.100723133298962875e+00
6.896936088392244812e-01
1.274888186036142512e+00
1.184322358612807990e+00
1.442086636663833188e+00
8.638586615764024534e-01
1.038023714313578871e+00
1.079823326970501540e+00
1.107689735408452947e+00
1.149489348065372507e+00
1.226121971269730881e+00
1.539619066196654895e+00
1.191288960722295176e+00
1.671984506276905647e+00
1.295787992364605179e+00
1.163422552284346656e+00
1.811316548466647580e+00
1.525685861977680524e+00
1.274888186036140514e+00
1.226121971269730881e+00
1.135556143846398358e+00
1.003190703766143388e+00
1.414220228225890441e+00
1.079823326970501540e+00
1.065890122751527391e+00
6.618272004012750731e-01
1.044990316423066057e+00
1.079823326970501540e+00
8.568920594669141577e-01
8.568920594669188207e-01
7.872260383720429688e-01
1.142522745955885322e+00
9.404912847807592735e-01
7.732928341530689309e-01
1.170389154393833842e+00
1.755583731590760754e+00
1.323654400802550146e+00
1.051956918532553242e+00
1.260954981817166365e+00
1.177355756503321027e+00
1.260954981817166365e+00
1.365454013459480365e+00
2.027281213860748110e+00
2.285045491911770643e+00
1.184322358612808906e-01
1.184322358612808906e-01
4.040629223502525402e-01
5.712613729779431049e-01
1.038023714313579537e+00
8.081258447005054135e-01
9.544244889997335335e-01
8.429588552479410080e-01
1.017123907985119091e+00
1.386353819787934150e+00
1.692884312605369201e+00
1.038023714313580426e+00
1.044990316423066057e+00
7.941926404815300433e-01
1.114656337517940132e+00
1.149489348065372507e+00
1.539619066196650676e+00
1.323654400802553921e+00
1.288821390255114441e+00
1.309721196583575997e+00
1.163422552284349987e+00
1.302754594474088812e+00
2.152680051831515673e+00
1.309721196583579550e+00
1.212188767050756510e+00
9.335246826712720880e-01
8.986916721238367156e-01
1.191288960722295176e+00
1.086789929079994499e+00
1.323654400802550146e+00
9.265580805617851246e-01
7.663262320435817454e-01
8.917250700143495301e-01
1.177355756503321027e+00
9.056582742333237901e-01
1.177355756503327688e+00
9.683576932187076824e-01
1.205222164941269325e+00
9.892574995471691279e-01
1.079823326970501540e+00
1.093756531189475689e+00
1.421186830335377627e+00
9.613910911092206080e-01
1.058923520642040206e+00
9.613910911092206080e-01
1.065890122751527391e+00
1.219155369160243696e+00
1.574452076744094597e+00
1.887949171671005510e+00
2.243245879254848418e+00
8.359922531384533784e-02
5.573281687589690114e-02
2.229312675035876323e-01
5.294617603210204360e-01
1.010157305875631017e+00
8.499254573574281935e-01
7.245266193866590765e-01
3.622633096933300378e-01
8.847584679048637879e-01
1.609285087291521421e+00
1.079823326970502873e+00
9.404912847807604948e-01
7.941926404815300433e-01
8.708252636858884177e-01
6.200275877443541805e-01
8.847584679048624556e-01
1.086789929079988504e+00
8.986916721238392691e-01
1.156455950174859693e+00
1.149489348065372507e+00
9.474578868902491235e-01
8.847584679048624556e-01
1.504786055649214971e+00
1.435120034554348001e+00
1.017123907985117537e+00
9.126248763428109756e-01
9.126248763428109756e-01
1.240055175488705030e+00
8.081258447005088552e-01
9.265580805617851246e-01
1.128589541736911395e+00
8.220590489194785633e-01
1.114656337517937024e+00
1.156455950174859693e+00
9.474578868902463480e-01
9.265580805617903426e-01
1.337587605021524295e+00
1.149489348065372507e+00
7.314932214961461510e-01
9.892574995471691279e-01
1.135556143846398358e+00
1.017123907985123310e+00
1.435120034554343782e+00
1.205222164941269325e+00
1.247021777598192216e+00
1.226121971269730881e+00
1.358487411349985630e+00
2.034247815970246620e+00
1.783450140028699060e+00
1.943681988546902550e+00
9.056582742333246783e-02
6.269941898538400338e-02
2.298978696130747623e-01
5.782279750874301794e-01
8.917250700143501962e-01
7.105934151676858157e-01
4.737289434451231740e-01
5.085619539925595456e-01
7.872260383720440791e-01
1.665017904167418461e+00
1.316687798693064737e+00
9.962241016566576457e-01
8.150924468099914888e-01
9.962241016566562024e-01
8.986916721238392691e-01
8.499254573574270832e-01
1.274888186036140514e+00
9.056582742333264546e-01
1.428153432444856819e+00
9.962241016566562024e-01
8.081258447005066348e-01
1.107689735408449838e+00
1.198255562831782361e+00
1.330621002912040884e+00
1.044990316423066057e+00
9.404912847807592735e-01
7.523930278246074854e-01
1.072856724861014355e+00
8.917250700143546371e-01
1.086789929079988504e+00
7.523930278246074854e-01
8.081258447005043033e-01
1.093756531189475689e+00
9.613910911092206080e-01
8.777918657953754922e-01
1.079823326970507535e+00
9.892574995471691279e-01
8.220590489194785633e-01
7.384598236056333365e-01
8.011592425910172288e-01
1.024090510094604722e+00
1.044990316423071830e+00
1.456019840882805116e+00
1.191288960722295176e+00
1.024090510094604722e+00
1.247021777598192216e+00
1.525685861977676305e+00
2.292012094021270929e+00
2.487076953086897024e+00
2.201446266597925749e+00
7.663262320435824948e-02
4.876621476640979197e-02
1.880982569561520934e-01
3.970963202407652992e-01
6.339607919633271083e-01
5.921611793064048834e-01
4.876621476640974340e-01
5.155285561020466201e-01
7.593596299340956701e-01
9.892574995471691279e-01
1.024090510094606055e+00
6.409273940728147378e-01
6.548605982917879986e-01
8.011592425910172288e-01
1.226121971269734212e+00
1.100723133298962875e+00
1.072856724861014355e+00
7.872260383720450783e-01
1.302754594474088812e+00
1.079823326970501540e+00
1.100723133298965983e+00
1.135556143846398358e+00
1.135556143846398358e+00
1.212188767050760063e+00
1.247021777598192216e+00
1.079823326970501540e+00
1.247021777598192216e+00
7.872260383720429688e-01
9.126248763428160826e-01
1.142522745955885322e+00
8.568920594669141577e-01
7.454264257151204109e-01
1.414220228225882448e+00
9.335246826712720880e-01
9.195914784522980501e-01
1.107689735408456055e+00
6.966602109487106675e-01
7.872260383720429688e-01
7.802594362625560054e-01
8.220590489194785633e-01
5.991277814158911807e-01
9.822908974376874935e-01
1.351520809240498666e+00
1.414220228225882448e+00
1.651084699948444312e+00
1.414220228225882448e+00
1.623218291510495792e+00
1.853116161123580685e+00
2.250212481364335382e+00
2.528876565743819693e+00
9.056582742333296743e-02
6.966602109487151674e-03
3.134970949269218488e-01
3.343969012553831832e-01
6.757604046202535519e-01
4.319293307882036137e-01
4.110295244597415576e-01
3.065304928174348298e-01
8.290256510289715219e-01
8.917250700143546371e-01
4.876621476641008202e-01
7.663262320435869634e-01
5.015953518830744695e-01
8.708252636858930806e-01
7.593596299341009992e-01
1.031057112204097459e+00
8.499254573574317462e-01
7.454264257151265172e-01
8.847584679048674516e-01
1.010157305875635902e+00
1.532652464087176147e+00
1.121622939627430426e+00
9.474578868902516771e-01
1.205222164941279317e+00
1.184322358612814652e+00
8.429588552479445607e-01
9.404912847807646026e-01
8.917250700143546371e-01
9.683576932187185626e-01
1.086789929079994499e+00
9.404912847807646026e-01
7.245266193866630733e-01
9.404912847807646026e-01
9.335246826712773061e-01
8.847584679048674516e-01
1.198255562831795684e+00
8.568920594669188207e-01
8.429588552479445607e-01
8.150924468099959297e-01
9.544244889997388626e-01
9.265580805617902316e-01
1.038023714313590418e+00
1.727717323152812012e+00
1.860082763233067427e+00
1.553552270415633263e+00
1.511752657758710594e+00
1.658051302057940823e+00
1.818283150576154972e+00
2.340778308787681006e+00
2.459210544648962493e+00
6.269941898538400338e-02
6.966602109487113337e-02
2.647308801605103290e-01
2.647308801605102180e-01
6.269941898538400338e-01
5.364283624305079545e-01
3.204636970364069248e-01
3.622633096933300378e-01
8.499254573574281935e-01
1.044990316423066057e+00
6.757604046202502213e-01
7.593596299340956701e-01
6.757604046202493331e-01
7.663262320435817454e-01
8.290256510289679692e-01
9.335246826712720880e-01
8.150924468099914888e-01
1.003190703766146052e+00
8.499254573574270832e-01
1.421186830335369633e+00
1.407253626116399481e+00
8.429588552479398977e-01
9.683576932187076824e-01
1.086789929079991390e+00
9.126248763428109756e-01
8.568920594669141577e-01
9.544244889997335335e-01
8.290256510289656378e-01
5.921611793064073259e-01
9.404912847807592735e-01
8.011592425910172288e-01
8.081258447005043033e-01
8.708252636858884177e-01
1.038023714313578871e+00
7.245266193866590765e-01
9.404912847807646026e-01
8.917250700143495301e-01
7.802594362625560054e-01
7.593596299340946709e-01
7.593596299340946709e-01
1.058923520642040206e+00
1.260954981817173470e+00
1.170389154393833842e+00
1.644118097838957127e+00
1.525685861977676305e+00
1.546585668306137862e+00
1.908848977999467067e+00
2.410444329882551973e+00
2.507976759415358359e+00
2.800574048013817041e+00
8.359922531384533784e-02
8.359922531384533784e-02
1.462986442992293967e-01
1.184322358612808768e-01
3.970963202407652992e-01
5.224951582115336945e-01
3.622633096933295382e-01
5.155285561020466201e-01
6.200275877443534034e-01
9.683576932187076824e-01
5.085619539925595456e-01
8.359922531384539335e-01
6.200275877443525152e-01
7.314932214961461510e-01
6.618272004012769605e-01
9.822908974376819424e-01
1.017123907985117537e+00
9.962241016566589780e-01
9.683576932187076824e-01
1.058923520642040206e+00
9.753242953281976435e-01
7.941926404815300433e-01
1.393320421897421335e+00
1.058923520642043092e+00
7.245266193866590765e-01
8.011592425910172288e-01
7.105934151676848165e-01
6.339607919633267752e-01
7.732928341530731497e-01
9.753242953281948679e-01
8.011592425910172288e-01
8.220590489194785633e-01
1.184322358612807990e+00
1.163422552284346656e+00
7.245266193866590765e-01
1.024090510094610273e+00
9.683576932187076824e-01
8.708252636858884177e-01
6.200275877443525152e-01
7.663262320435817454e-01
1.191288960722295176e+00
1.414220228225890441e+00
1.316687798693062961e+00
1.651084699948444312e+00
1.553552270415624825e+00
1.832216354795108915e+00
1.407253626116395484e+00
2.619442393167166205e+00
2.089980632846132114e+00
3.023505315517404313e+00
2.089980632846133446e-02
1.393320421897422529e-02
2.786640843794845404e-02
1.184322358612808768e-01
3.413635033648684813e-01
2.647308801605104400e-01
3.970963202407650217e-01
2.647308801605104400e-01
7.941926404815312646e-01
1.044990316423066057e+00
6.478939961823017013e-01
7.384598236056342246e-01
6.409273940728138497e-01
7.523930278246074854e-01
9.613910911092233835e-01
7.314932214961461510e-01
7.802594362625560054e-01
5.503615666494829917e-01
6.478939961823008131e-01
9.265580805617851246e-01
8.499254573574293037e-01
6.966602109487106675e-01
1.010157305875630351e+00
1.086789929079991390e+00
7.732928341530689309e-01
8.917250700143495301e-01
5.364283624305071774e-01
5.503615666494814374e-01
5.433949645399972495e-01
8.081258447005043033e-01
8.638586615764012322e-01
1.191288960722295176e+00
1.135556143846398358e+00
1.044990316423066057e+00
6.339607919633267752e-01
6.339607919633302169e-01
7.941926404815300433e-01
7.872260383720429688e-01
9.544244889997335335e-01
9.474578868902463480e-01
1.038023714313578871e+00
1.170389154393840281e+00
1.846149559014083286e+00
1.727717323152802464e+00
2.034247815970235074e+00
1.553552270415624825e+00
1.497819453539728007e+00
2.487076953086910791e+00
2.723941424809458667e+00
2.501010157305871395e+00
0.000000000000000000e+00
7.663262320435824948e-02
4.179961265692267586e-02
1.811316548466648801e-01
6.827270067297369627e-01
3.901297181312785023e-01
3.274302991458939993e-01
1.811316548466650189e-01
7.105934151676858157e-01
1.184322358612807990e+00
7.105934151676858157e-01
6.478939961823017013e-01
5.712613729779426608e-01
6.757604046202493331e-01
7.941926404815323748e-01
8.986916721238367156e-01
6.896936088392235931e-01
7.523930278246095948e-01
4.458625350071747651e-01
8.011592425910172288e-01
6.409273940728156260e-01
6.966602109487106675e-01
9.613910911092206080e-01
8.917250700143521946e-01
7.245266193866590765e-01
9.474578868902463480e-01
7.872260383720429688e-01
4.876621476640974340e-01
6.757604046202529968e-01
5.921611793064039952e-01
6.757604046202493331e-01
1.156455950174859693e+00
1.121622939627424209e+00
7.872260383720429688e-01
9.195914784522980501e-01
5.573281687589716205e-01
6.548605982917879986e-01
9.962241016566562024e-01
7.036268130581977420e-01
8.429588552479398977e-01
1.058923520642040206e+00
1.051956918532559015e+00
1.706817516824341130e+00
1.692884312605366981e+00
1.922782182218441216e+00
1.497819453539728007e+00
1.748617129481263799e+00
2.452243942539475086e+00
2.835407058561252303e+00
2.271112287692796716e+00
0.000000000000000000e+00
0.000000000000000000e+00
3.483301054743556668e-02
1.253988379707680068e-01
5.642947708684559194e-01
5.015953518830723601e-01
3.761965139123037427e-01
3.413635033648686479e-01
7.593596299340956701e-01
1.205222164941269325e+00
6.757604046202502213e-01
6.687938025107630358e-01
6.757604046202493331e-01
8.429588552479398977e-01
6.757604046202512205e-01
4.179961265692264116e-01
5.433949645399942519e-01
4.946287497735858962e-01
7.314932214961461510e-01
1.198255562831782361e+00
8.847584679048650091e-01
7.941926404815300433e-01
1.100723133298962875e+00
9.056582742333264546e-01
7.314932214961461510e-01
5.224951582115330284e-01
6.130609856348654407e-01
4.110295244597392816e-01
6.269941898538431424e-01
8.777918657953754922e-01
8.847584679048624556e-01
1.107689735408449838e+00
1.065890122751527391e+00
8.986916721238367156e-01
9.474578868902463480e-01
8.777918657953803772e-01
6.478939961823008131e-01
7.802594362625560054e-01
6.409273940728138497e-01
1.100723133298962875e+00
7.663262320435817454e-01
9.613910911092259370e-01
1.372420615568960001e+00
1.783450140028699060e+00
2.312911900349719385e+00
2.089980632846132114e+00
1.811316548466647580e+00
2.250212481364347816e+00
3.100137938721762687e+00
2.633375597386125921e+00
0.000000000000000000e+00
0.000000000000000000e+00
9.753242953282012517e-02
2.577642780510245313e-01
3.552967075838446287e-01
3.343969012553834608e-01
3.134970949269215157e-01
3.483301054743577763e-01
5.015953518830751356e-01
8.568920594669188207e-01
8.150924468099971509e-01
5.015953518830751356e-01
4.458625350071773186e-01
8.011592425910215587e-01
2.577642780510250864e-01
6.548605982917915513e-01
8.150924468099959297e-01
6.130609856348705478e-01
8.220590489194831152e-01
1.086789929079994499e+00
7.245266193866651827e-01
7.872260383720472987e-01
9.683576932187132336e-01
1.038023714313587531e+00
8.290256510289704117e-01
6.269941898538430314e-01
5.085619539925615440e-01
5.642947708684588060e-01
6.269941898538464731e-01
7.523930278246117043e-01
9.474578868902516771e-01
6.618272004012787368e-01
1.093756531189481684e+00
1.170389154393840503e+00
1.825249752685632165e+00
1.093756531189487902e+00
9.892574995471745680e-01
1.003190703766148939e+00
8.638586615764060062e-01
1.010157305875635902e+00
1.079823326970507535e+00
1.421186830335385398e+00
8.081258447005088552e-01
1.595351883072555932e+00
1.804349946357170609e+00
2.278078889802296558e+00
1.727717323152812012e+00
2.939906090203591393e+00
3.469367850524597952e+00
3.162837357707163566e+00
0.000000000000000000e+00
0.000000000000000000e+00
1.114656337517938162e-01
1.880982569561520101e-01
2.995638907079457569e-01
3.692299118028171123e-01
4.249627286787135416e-01
5.364283624305079545e-01
4.528291371166625612e-01
7.523930278246074854e-01
8.359922531384539335e-01
6.827270067297372957e-01
5.294617603210201029e-01
6.618272004012750731e-01
5.224951582115344717e-01
4.876621476640974340e-01
6.687938025107621476e-01
5.642947708684571406e-01
1.017123907985117537e+00
9.683576932187076824e-01
6.409273940728156260e-01
1.024090510094604722e+00
9.195914784522980501e-01
1.128589541736914281e+00
6.548605982917879986e-01
6.339607919633267752e-01
5.155285561020458429e-01
7.036268130581977420e-01
7.036268130582016278e-01
9.892574995471691279e-01
7.175600172771718910e-01
6.339607919633267752e-01
1.274888186036140514e+00
1.121622939627424209e+00
1.323654400802550146e+00
6.896936088392273678e-01
6.130609856348654407e-01
1.093756531189475689e+00
9.126248763428109756e-01
1.079823326970501540e+00
1.198255562831782361e+00
1.233088573379224728e+00
7.872260383720429688e-01
1.483886249320753636e+00
1.671984506276905647e+00
2.110880439174593448e+00
1.769516935809724911e+00
2.640342199495627540e+00
3.810731353889446726e+00
3.093171336612275724e+00
0.000000000000000000e+00
0.000000000000000000e+00
7.663262320435824948e-02
1.671984506276906757e-01
9.056582742333244007e-02
2.229312675035877156e-01
3.065304928174327204e-01
6.339607919633276634e-01
6.200275877443534034e-01
6.757604046202493331e-01
8.150924468099925990e-01
6.687938025107630358e-01
7.802594362625560054e-01
5.782279750874298463e-01
6.966602109487125549e-01
3.692299118028166682e-01
5.782279750874298463e-01
9.613910911092233835e-01
7.384598236056333365e-01
1.114656337517937024e+00
5.782279750874314006e-01
8.011592425910172288e-01
8.081258447005043033e-01
1.442086636663834964e+00
8.499254573574270832e-01
9.126248763428109756e-01
5.085619539925587684e-01
7.663262320435817454e-01
1.010157305875636125e+00
9.056582742333237901e-01
8.499254573574270832e-01
8.708252636858884177e-01
1.233088573379217845e+00
9.474578868902463480e-01
8.708252636858884177e-01
6.757604046202529968e-01
8.429588552479398977e-01
1.170389154393833842e+00
8.081258447005043033e-01
1.017123907985117537e+00
1.267921583926653550e+00
1.191288960722301837e+00
9.056582742333237901e-01
1.100723133298962875e+00
1.929748784327928401e+00
2.117847041284080412e+00
2.278078889802284124e+00
2.424377534101526788e+00
4.026696019283547479e+00
3.587800086385859455e+00
0.000000000000000000e+00
0.000000000000000000e+00
6.966602109487113337e-02
2.368644717225617535e-01
2.089980632846133168e-01
2.229312675035877156e-01
4.528291371166618950e-01
4.667623413356367101e-01
6.757604046202502213e-01
6.687938025107621476e-01
8.708252636858895279e-01
5.015953518830723601e-01
5.851945771969169208e-01
8.777918657953754922e-01
6.618272004012769605e-01
6.618272004012750731e-01
5.991277814158911807e-01
6.618272004012769605e-01
8.220590489194785633e-01
8.917250700143495301e-01
4.388959328976889673e-01
9.544244889997335335e-01
8.917250700143495301e-01
1.163422552284349987e+00
8.220590489194785633e-01
7.523930278246074854e-01
7.384598236056333365e-01
5.573281687589685118e-01
9.544244889997388626e-01
8.359922531384528233e-01
8.150924468099914888e-01
8.220590489194785633e-01
1.365454013459472815e+00
1.121622939627424209e+00
1.247021777598192216e+00
5.921611793064073259e-01
1.079823326970501540e+00
8.917250700143495301e-01
1.065890122751527391e+00
1.010157305875630351e+00
8.777918657953754922e-01
9.962241016566617535e-01
1.365454013459472815e+00
1.274888186036140514e+00
1.685917710495879795e+00
2.668208607933561627e+00
2.292012094021258051e+00
3.288236195677932461e+00
3.629599699042782568e+00
4.319293307882006161e+00
0.000000000000000000e+00
0.000000000000000000e+00
5.573281687589690808e-02
3.552967075838426303e-01
3.204636970364071469e-01
3.413635033648686479e-01
5.224951582115330284e-01
5.085619539925595456e-01
7.036268130581987412e-01
6.618272004012750731e-01
9.962241016566576457e-01
4.806955455546109701e-01
6.966602109487106675e-01
6.409273940728138497e-01
4.110295244597403919e-01
7.384598236056333365e-01
7.245266193866590765e-01
4.876621476640988218e-01
7.454264257151204109e-01
6.548605982917879986e-01
3.692299118028177229e-01
9.474578868902463480e-01
9.195914784522980501e-01
1.065890122751530278e+00
5.224951582115330284e-01
8.638586615764012322e-01
1.038023714313578871e+00
6.548605982917879986e-01
8.359922531384573752e-01
6.827270067297364076e-01
1.044990316423066057e+00
9.335246826712720880e-01
1.121622939627424209e+00
1.142522745955885322e+00
1.128589541736911395e+00
5.642947708684586949e-01
1.198255562831782361e+00
1.114656337517937024e+00
8.220590489194785633e-01
8.847584679048624556e-01
9.753242953281948679e-01
1.330621002912044437e+00
1.483886249320753636e+00
1.567485474634599196e+00
2.110880439174593448e+00
2.480110350977410061e+00
2.814507252232790968e+00
3.330035808334855130e+00
4.005796212955086588e+00
4.772122444998667667e+00
0.000000000000000000e+00
0.000000000000000000e+00
3.204636970364072579e-01
3.204636970364071469e-01
1.811316548466648801e-01
1.950648590656392511e-01
5.921611793064039952e-01
5.503615666494821035e-01
6.687938025107630358e-01
8.777918657953754922e-01
8.986916721238380479e-01
6.966602109487115557e-01
6.618272004012750731e-01
7.314932214961461510e-01
3.343969012553820175e-01
7.663262320435817454e-01
8.359922531384528233e-01
5.921611793064057716e-01
5.573281687589685118e-01
8.290256510289656378e-01
5.364283624305086207e-01
8.499254573574270832e-01
9.474578868902463480e-01
1.038023714313581758e+00
6.757604046202493331e-01
4.946287497735845640e-01
1.079823326970501540e+00
5.503615666494814374e-01
4.528291371166644486e-01
5.712613729779426608e-01
1.163422552284346656e+00
1.079823326970501540e+00
1.038023714313578871e+00
1.128589541736911395e+00
1.024090510094604722e+00
1.163422552284353317e+00
1.260954981817166365e+00
1.428153432444856819e+00
9.195914784522980501e-01
1.093756531189475689e+00
1.170389154393833842e+00
1.309721196583583103e+00
8.917250700143495301e-01
1.616251689401008607e+00
2.487076953086897024e+00
2.807540650123304005e+00
2.960805896532020309e+00
3.406668431539213948e+00
4.375026124757902757e+00
4.925387691407384416e+00
0.000000000000000000e+00
2.089980632846145589e-02
2.786640843794860878e-01
4.876621476641004871e-01
3.692299118028188887e-01
3.692299118028191662e-01
5.364283624305101750e-01
6.269941898538439196e-01
5.642947708684595831e-01
9.613910911092259370e-01
9.335246826712786383e-01
4.667623413356393192e-01
7.732928341530731497e-01
7.593596299340988898e-01
6.409273940728191787e-01
8.290256510289704117e-01
7.384598236056373333e-01
5.085619539925629873e-01
7.523930278246117043e-01
1.010157305875635902e+00
6.827270067297420697e-01
9.265580805617902316e-01
9.056582742333288971e-01
1.128589541736920721e+00
5.851945771969202514e-01
7.384598236056373333e-01
9.962241016566617535e-01
8.499254573574317462e-01
7.245266193866671811e-01
6.060943835253815859e-01
1.100723133298968870e+00
1.546585668306146299e+00
1.086789929079994499e+00
1.414220228225890441e+00
1.518719259868197780e+00
9.544244889997441916e-01
1.456019840882813332e+00
1.372420615568967550e+00
8.847584679048674516e-01
9.962241016566617535e-01
1.114656337517943241e+00
1.100723133298975087e+00
1.316687798693070288e+00
1.560518872525120448e+00
2.292012094021270929e+00
2.431344136211013307e+00
2.800574048013832584e+00
3.866464170765387287e+00
4.862688272422026614e+00
6.172409469005610383e+00
0.000000000000000000e+00
1.671984506276906757e-01
2.995638907079459234e-01
2.716974822699972925e-01
4.597957392261493581e-01
4.737289434451238401e-01
5.224951582115330284e-01
5.015953518830723601e-01
4.876621476640981556e-01
1.093756531189475689e+00
1.058923520642041760e+00
7.732928341530698191e-01
6.339607919633267752e-01
8.220590489194785633e-01
5.294617603210215462e-01
6.827270067297364076e-01
9.126248763428109756e-01
7.314932214961482604e-01
1.170389154393833842e+00
1.038023714313578871e+00
6.269941898538413660e-01
1.288821390255114441e+00
1.044990316423066057e+00
8.847584679048650091e-01
6.130609856348654407e-01
8.568920594669141577e-01
1.135556143846398358e+00
9.544244889997335335e-01
1.065890122751533164e+00
9.544244889997335335e-01
1.128589541736911395e+00
1.692884312605366981e+00
1.421186830335369633e+00
1.957615192765876699e+00
1.379387217678447186e+00
7.593596299340988898e-01
1.581418678853573123e+00
1.149489348065372507e+00
1.114656337517937024e+00
1.184322358612807990e+00
1.379387217678447186e+00
1.295787992364608732e+00
1.602318485182034458e+00
1.776483537919212097e+00
2.786640843794842670e+00
2.208412868707412713e+00
3.128004347159710985e+00
3.859497568655878119e+00
3.977929804517137846e+00
7.335832021289923510e+00
0.000000000000000000e+00
7.663262320435824948e-02
2.786640843794845335e-01
2.786640843794844224e-01
6.618272004012755172e-01
5.224951582115336945e-01
5.573281687589685118e-01
9.544244889997347547e-01
7.523930278246084846e-01
9.404912847807592735e-01
5.573281687589692890e-01
7.941926404815312646e-01
6.896936088392235931e-01
1.358487411349985630e+00
6.687938025107640350e-01
7.732928341530689309e-01
9.962241016566562024e-01
9.544244889997361980e-01
2.062114224408183372e+00
1.316687798693062961e+00
1.295787992364605179e+00
1.226121971269730881e+00
1.365454013459472815e+00
1.010157305875633238e+00
8.290256510289656378e-01
1.191288960722295176e+00
1.414220228225882448e+00
9.474578868902463480e-01
1.212188767050763394e+00
1.323654400802550146e+00
1.323654400802550146e+00
1.713784118933828315e+00
1.490852851430240822e+00
1.880982569561518547e+00
1.086789929079988504e+00
1.226121971269737543e+00
2.020314611751260703e+00
1.497819453539728007e+00
1.435120034554343782e+00
1.442086636663830967e+00
1.755583731590750984e+00
1.720750721043324827e+00
1.609285087291521421e+00
2.375611319335103389e+00
2.905073079656123269e+00
1.908848977999467067e+00
3.218570174583042842e+00
3.532067269509982843e+00
4.639757004918412697e+00
1.225425311058782185e+01
